3|37|67
3|164|22
1|88|22
2|6|22
1|164|21
2|88|21
5|6|21
3|88|80
3|6|178
3|30|176
3|111|64
4|49|183
4|162|43
3|32|1
2|11|33
3|14|84
4|65|151
5|77|64
2|59|82
1|33|96
1|46|157
5|70|163
3|34|14
5|108|163
3|54|93
2|216|163
5|172|90
2|108|108
5|192|147
5|105|164
4|151|136
2|80|190
5|198|80
1|87|102
1|158|100
5|46|107
1|222|103
4|170|88
4|178|40
1|77|196
1|35|75
1|106|125
4|73|70
4|185|167
1|49|51
3|98|22
3|73|15
4|210|108
5|41|130
1|51|57
5|16|43
5|138|21
1|168|82
2|14|144
3|51|160
3|107|75
4|74|107
2|178|57
1|111|108
3|110|116
4|175|183
2|55|164
2|217|156
1|15|99
1|161|110
5|98|127
2|8|3
3|166|133
3|195|166
5|67|193
3|186|145
1|2|121
1|21|93
2|146|186
4|76|143
1|23|130
2|18|108
3|4|164
2|83|152
5|180|41
1|106|10
1|102|200
2|35|47
1|60|103
5|129|143
2|171|55
1|215|110
1|205|47
1|197|44
2|49|62
2|96|85
1|22|50
5|85|106
2|190|4
2|17|184
4|221|16
5|72|110
3|6|59
5|20|107
2|59|177
1|41|121
4|129|195
2|49|86
5|165|83
2|110|163
3|197|79
5|192|131
1|91|45
3|175|12
1|82|72
3|218|156
1|114|168
2|150|99
4|58|9
5|185|79
1|178|49
4|106|41
3|52|64
4|7|156
5|3|68
1|79|144
1|91|173
1|77|177
2|3|13
1|50|69
4|192|173
2|129|193
1|141|199
2|149|188
1|21|44
3|11|191
2|163|49
4|28|96
1|7|116
1|152|66
2|52|197
1|199|157
2|100|185
5|1|52
3|118|196
1|21|188
3|111|149
2|53|198
4|72|191
1|111|54
2|127|174
3|145|59
2|155|194
3|167|166
2|224|62
5|46|31
3|75|9
4|79|120
3|94|28
3|126|23
1|71|134
4|109|94
1|223|5
1|132|26
1|111|73
5|193|182
1|23|196
5|224|69
4|24|152
4|133|47
5|98|23
2|188|24
4|193|185
2|166|150
2|196|38
1|215|36
4|111|48
1|8|187
3|222|44
5|40|55
5|82|64
4|117|182
1|122|173
4|39|41
3|198|4
2|184|56
3|151|125
2|2|44
3|195|200
3|19|188
4|221|19
2|223|69
1|115|5
5|154|91
3|211|188
3|70|132
3|156|107
3|155|30
2|62|158
4|6|156
5|141|121
4|73|148
1|81|122
5|201|34
5|96|8
2|59|115
2|122|118
2|192|121
4|212|95
3|95|113
2|16|42
3|81|100
3|84|171
2|23|76
1|33|195
5|14|194
3|11|101
2|224|31
1|34|175
4|130|115
3|96|187
1|204|23
2|3|179
4|203|177
4|188|164
3|173|86
2|41|138
3|35|57
1|88|179
5|101|5
1|215|185
1|55|10
1|18|52
4|144|95
2|188|43
2|202|188
4|223|12
4|99|118
2|115|31
1|176|57
2|62|178
5|178|170
3|12|193
4|13|136
3|93|81
4|132|189
1|111|159
2|79|87
4|58|116
5|92|130
1|170|196
4|67|170
4|181|67
4|30|128
5|143|126
2|103|140
2|222|191
3|63|117
1|110|8
1|154|24
4|115|142
2|14|88
2|32|131
5|62|134
3|21|19
2|206|42
4|90|168
2|144|187
1|222|107
4|7|189
3|158|99
3|131|40
2|164|129
3|10|8
5|160|20
2|76|198
5|41|92
1|182|47
3|223|198
1|169|52
5|73|143
4|124|124
5|136|83
2|175|32
4|17|31
5|189|31
3|4|177
4|37|2
2|224|65
2|124|39
3|224|9
2|167|39
4|22|180
3|123|25
4|60|25
3|107|36
5|126|197
1|80|17
2|16|19
2|153|138
5|42|132
5|29|167
2|133|94
5|225|132
1|183|73
1|33|43
5|87|118
4|202|176
5|132|70
1|103|124
5|118|69
1|1|169
5|51|116
3|74|67
4|147|189
3|218|60
2|48|23
2|98|131
2|131|106
3|122|103
2|87|62
2|160|176
5|44|77
5|72|18
4|146|82
4|94|9
3|184|118
1|131|134
4|123|94
4|65|145
1|194|8
1|63|28
2|135|2
2|66|29
2|22|196
5|110|47
4|118|18
4|105|169
4|154|68
5|64|39
4|143|32
5|174|43
1|112|116
5|68|118
2|53|50
4|151|38
2|192|71
2|174|111
5|43|132
4|3|4
5|47|143
4|223|169
2|197|102
4|208|162
3|193|99
4|187|76
2|168|120
2|192|72
4|115|164
1|103|136
2|130|140
4|222|30
5|134|143
2|49|86
2|225|169
2|155|177
2|82|150
3|206|146
4|181|133
4|11|13
5|98|117
5|152|179
5|2|24
2|182|122
3|118|1
5|187|21
5|6|52
4|152|94
3|126|97
5|137|80
1|182|10
5|195|41
3|10|58
3|78|47
4|186|98
4|207|6
3|109|17
4|55|61
5|166|93
5|220|47
2|193|129
4|99|176
1|31|191
4|42|161
3|53|162
1|35|182
1|51|42
4|79|25
1|181|16
4|30|42
1|192|65
1|28|68
4|209|184
2|90|43
4|16|129
2|79|105
5|6|67
2|65|162
2|215|68
2|90|135
2|67|63
1|27|104
1|138|132
4|68|11
3|134|102
5|13|49
1|214|76
1|152|8
5|39|120
2|3|44
1|186|146
2|102|69
5|187|18
3|23|15
2|76|92
3|140|66
5|172|139
1|38|46
4|165|157
3|222|133
1|8|146
4|57|195
3|129|77
4|53|40
1|189|62
5|30|56
4|20|71
1|39|59
5|205|47
2|205|13
5|216|116
1|63|93
3|170|63
4|149|60
5|163|117
4|80|169
2|62|75
5|173|66
3|184|199
2|175|12
5|59|117
3|18|4
3|154|101
2|122|62
5|139|52
3|117|31
4|107|199
2|15|81
4|167|29
4|49|9
5|173|6
5|185|180
1|195|174
5|153|145
2|14|60
5|224|2
5|164|65
2|173|197
2|74|63
2|150|136
5|58|68
4|179|144
4|195|33
5|9|13
2|133|146
3|72|166
4|80|102
4|89|46
5|186|108
5|53|51
1|185|60
4|54|95
3|222|165
4|55|172
2|162|187
3|180|72
1|156|87
2|73|142
5|125|108
5|186|166
5|221|142
1|32|141
5|70|200
1|71|77
1|203|138
1|42|181
3|31|42
1|83|93
3|17|43
1|205|123
3|184|167
1|3|95
3|204|198
1|105|21
3|207|87
4|186|137
3|165|27
4|221|81
4|176|122
2|74|36
3|1|6
3|216|172
5|41|200
5|98|197
3|40|96
2|48|58
2|209|52
4|34|174
2|107|45
3|101|154
2|87|93
2|20|33
4|141|146
5|133|181
4|184|143
4|149|132
5|139|184
4|87|156
2|15|112
4|143|126
5|133|148
1|39|7
5|126|107
2|184|185
5|149|30
4|79|19
1|185|41
5|44|194
3|191|53
1|88|31
5|193|28
1|143|184
5|212|30
4|169|124
4|99|67
4|90|34
5|72|38
1|49|66
2|79|89
3|132|157
4|31|123
5|178|199
1|62|64
4|102|156
2|21|33
2|160|78
3|102|36
2|34|8
2|56|66
1|204|60
3|139|171
5|94|104
4|186|29
1|54|35
1|201|71
3|5|194
5|143|75
2|35|137
4|151|169
2|120|89
4|111|189
3|62|43
5|35|45
2|91|186
2|17|158
2|188|175
2|88|39
4|208|45
4|192|173
1|91|26
4|19|184
1|154|180
1|8|129
4|195|109
2|140|99
2|91|11
2|206|126
4|140|117
4|139|125
4|21|69
2|182|172
3|46|182
2|182|107
3|211|178
4|95|199
4|18|41
5|168|195
3|188|15
1|122|163
4|90|87
1|176|23
2|37|125
5|71|55
1|143|130
3|200|53
3|9|134
1|139|164
1|93|166
2|184|37
4|97|63
3|190|176
5|203|178
2|110|28
4|203|170
1|102|24
4|113|19
1|152|152
1|123|15
2|146|69
1|86|82
5|225|148
1|85|34
2|132|167
1|58|194
2|214|176
5|152|11
5|183|59
3|152|112
1|152|113
3|101|137
5|46|190
1|220|90
1|207|124
1|130|164
2|5|137
2|176|193
3|133|36
5|214|117
5|83|16
4|170|199
1|32|55
5|171|21
1|128|8
1|178|9
5|23|110
4|21|41
3|179|179
1|121|118
2|48|106
1|114|113
3|29|41
3|24|179
1|12|17
5|157|124
5|119|64
1|90|88
5|163|156
4|185|45
2|73|145
3|224|97
4|145|126
4|90|153
2|70|126
3|26|190
5|174|24
2|16|159
1|47|31
3|3|5
3|54|123
5|59|2
3|204|136
1|178|103
2|205|131
2|34|151
3|34|45
1|186|175
2|27|46
1|208|21
4|6|170
5|199|48
2|92|65
3|164|94
2|177|41
1|86|53
4|159|19
3|210|127
3|88|84
5|70|117
1|31|24
2|214|194
2|121|23
4|82|41
5|23|82
4|9|97
5|123|107
1|24|41
4|10|11
4|59|34
1|1|185
2|122|41
1|43|152
1|27|106
1|73|33
5|151|48
1|16|98
1|87|187
5|21|190
5|185|193
5|111|124
5|223|81
2|122|199
3|45|194
2|140|161
3|164|126
4|223|189
3|53|44
5|192|74
2|181|35
3|90|8
3|78|11
2|181|46
5|88|113
5|188|189
1|215|155
3|61|181
2|36|147
5|41|5
4|26|199
3|58|34
1|152|186
2|43|57
4|203|7
4|81|60
2|208|49
2|200|103
3|81|123
4|74|81
5|199|131
1|133|156
4|1|83
1|212|101
4|38|111
4|113|121
5|89|120
2|179|30
2|39|186
5|189|170
3|168|149
5|12|31
2|214|144
1|162|90
2|132|10
3|218|63
4|147|83
2|153|13
2|32|2
1|129|11
3|82|98
2|89|44
4|172|1
3|162|199
5|138|70
3|143|64
2|55|179
1|172|133
3|188|152
2|174|66
3|190|36
3|108|11
3|24|92
2|141|19
3|114|111
1|200|75
5|200|180
4|79|175
4|70|40
4|130|35
3|98|32
4|185|45
3|40|187
2|182|127
5|153|93
1|63|79
3|56|119
5|218|82
2|171|111
4|118|45
3|103|71
1|60|46
5|93|34
4|122|61
1|79|182
3|218|96
4|29|166
3|182|82
5|198|83
2|67|200
4|206|138
3|74|58
1|196|116
5|168|59
1|148|162
3|174|20
2|45|65
5|209|179
3|197|64
5|113|80
2|217|147
3|83|46
3|44|158
3|121|108
4|56|149
2|66|76
3|222|20
3|86|141
4|164|49
3|7|158
3|171|75
2|50|172
2|106|13
1|4|67
3|114|107
3|225|186
1|148|68
3|80|8
2|86|71
3|161|10
3|165|27
1|132|31
4|215|181
3|25|26
3|30|87
1|128|139
2|180|5
2|111|86
3|12|17
4|132|117
4|147|175
5|204|127
1|218|163
1|138|58
1|168|96
4|29|155
4|186|182
2|40|158
4|20|197
4|151|144
1|117|107
4|112|63
2|220|123
5|212|54
4|210|66
3|62|187
4|157|151
4|168|50
1|132|146
4|85|199
2|63|194
2|54|23
2|193|167
1|61|33
1|158|183
5|62|17
4|118|119
1|164|124
4|108|45
4|10|55
2|29|107
4|128|136
3|77|108
2|200|77
4|70|198
4|5|137
1|134|100
5|220|16
2|153|64
3|217|194
2|44|92
2|12|88
4|30|99
4|10|137
3|75|66
4|178|65
5|221|168
5|47|55
1|151|70
2|106|143
5|196|107
2|20|178
4|184|48
1|177|105
1|96|121
1|120|117
5|222|6
1|178|82
4|191|189
4|100|87
5|51|146
1|219|103
4|9|131
5|218|22
5|66|93
2|64|64
3|18|61
4|59|73
4|138|161
3|64|82
3|196|97
3|84|128
4|18|50
3|48|75
1|128|52
5|88|36
5|173|58
4|26|24
2|124|117
2|163|29
5|15|181
2|51|88
4|166|171
4|102|47
3|140|173
3|18|173
1|163|185
4|70|34
5|11|71
5|63|112
2|15|56
1|187|61
2|60|178
2|194|12
1|118|1
2|7|121
1|114|145
4|160|112
5|210|166
2|155|32
2|16|156
4|14|89
1|174|149
2|103|104
4|215|193
2|45|11
5|66|29
2|93|113
3|161|82
4|225|165
3|158|86
3|94|156
4|199|124
5|202|2
4|14|97
3|205|146
1|21|23
4|159|185
1|170|55
1|147|80
3|101|100
4|195|185
1|210|100
2|137|172
1|72|25
3|86|1
2|81|70
5|175|9
2|96|93
1|101|167
5|108|99
1|79|63
2|161|39
5|44|79
1|63|23
5|221|15
5|39|87
4|97|121
4|219|38
5|68|129
3|148|5
2|124|155
5|10|11
1|104|111
5|94|21
3|164|50
2|119|84
4|9|22
1|51|11
1|117|49
2|52|137
1|168|34
4|180|77
1|27|89
5|220|102
4|172|7
2|47|200
4|119|24
1|38|185
2|89|39
5|118|45
1|72|165
5|183|123
1|7|16
5|195|155
3|40|200
1|115|186
1|101|121
1|178|11
2|85|146
1|203|22
3|175|162
5|168|109
4|158|77
1|51|149
4|138|68
4|11|70
1|82|131
1|49|108
3|177|24
2|6|174
4|204|187
5|156|75
2|175|86
3|129|194
4|111|79
5|76|196
1|145|157
3|220|117
5|206|171
5|18|127
5|132|46
5|69|103
4|178|184
1|49|18
5|108|121
1|11|98
1|170|176
2|190|93
4|163|186
3|100|173
5|205|128
2|104|2
1|10|76
1|207|42
3|207|46
3|77|171
3|127|155
5|206|57
1|116|166
4|148|155
2|138|126
4|50|148
3|9|188
3|103|27
5|103|58
2|96|33
1|213|97
5|67|173
2|119|164
4|161|3
3|131|102
4|82|99
2|202|14
4|168|21
2|109|60
2|12|123
3|212|137
5|149|157
3|153|36
5|91|161
5|77|115
3|131|93
4|192|81
5|9|116
1|37|126
5|48|121
3|202|81
4|126|199
2|119|190
4|110|184
3|199|37
5|198|127
5|1|123
3|33|130
4|98|22
3|96|29
4|188|117
5|136|98
4|83|185
1|53|1
3|108|9
1|32|62
3|92|3
1|14|87
2|186|37
2|36|134
1|90|118
2|140|107
2|152|183
5|74|46
4|139|148
4|205|153
1|97|39
2|128|6
2|110|68
5|71|104
5|217|195
1|151|143
3|114|133
3|150|58
3|211|106
5|167|193
4|147|70
2|51|144
1|60|41
4|192|38
1|119|145
2|129|144
3|78|136
3|175|194
4|12|122
4|188|105
1|139|195
2|40|43
3|190|19
1|24|100
4|46|64
4|184|107
4|62|150
4|121|69
4|204|185
3|109|119
5|171|26
3|211|158
4|201|79
4|30|181
2|202|122
2|186|185
2|55|78
1|64|144
1|35|63
1|106|23
5|77|7
1|180|174
5|79|59
4|60|33
1|135|127
3|13|155
5|184|56
1|202|157
5|126|120
4|87|66
4|33|134
3|157|143
5|179|11
5|176|69
1|69|180
3|182|59
2|74|42
2|180|75
1|11|25
4|197|168
4|80|29
4|141|105
4|87|63
1|75|66
5|19|154
2|52|16
1|207|135
3|6|45
5|47|70
4|161|149
5|119|182
2|145|144
2|174|175
5|105|131
2|6|134
3|181|43
1|15|78
5|37|46
2|129|1
3|84|57
1|185|5
5|44|175
4|32|170
4|24|187
1|37|1
4|109|62
1|64|113
4|15|73
1|14|40
3|10|188
1|105|196
1|14|56
5|93|61
2|176|15
1|66|35
4|208|128
2|173|99
5|46|164
2|83|19
4|156|31
4|145|58
2|107|89
3|161|63
2|181|162
5|50|55
2|94|170
5|31|91
1|217|97
1|53|100
2|124|108
3|163|2
1|168|105
1|213|78
4|126|73
1|173|11
2|189|74
2|168|155
2|84|165
4|172|198
3|117|22
4|119|57
2|19|108
3|142|106
1|110|86
3|1|150
1|41|91
5|211|108
3|96|121
1|137|34
5|33|99
4|37|49
1|199|9
5|193|127
1|84|157
2|163|31
4|186|46
4|114|106
5|156|6
1|33|53
1|58|117
3|152|96
2|110|170
5|219|111
5|29|187
1|36|99
5|11|24
2|92|154
3|196|49
4|62|98
4|158|83
1|57|168
3|46|9
2|213|56
1|224|8
3|213|98
2|218|97
2|207|190
4|90|4
1|218|165
3|45|113
5|199|137
2|199|46
5|122|96
1|184|36
2|40|101
1|134|20
1|9|164
3|98|136
4|24|156
3|202|83
3|205|179
3|177|200
3|219|115
3|188|87
2|3|66
2|58|25
4|5|88
4|159|171
2|119|147
3|162|139
5|215|25
4|66|111
1|122|19
5|114|16
3|182|29
2|177|159
1|19|91
1|61|133
2|219|71
2|217|101
2|65|64
4|197|63
2|202|12
3|80|160
5|201|142
5|84|47
4|149|47
3|136|16
2|64|112
4|140|73
2|28|191
1|108|57
4|224|199
2|197|164
1|158|146
4|133|22
1|177|15
5|20|160
1|32|107
5|154|168
4|146|7
2|28|110
4|68|58
2|196|66
5|58|109
2|222|112
3|114|162
2|195|167
2|99|16
3|203|80
5|225|50
4|207|193
5|149|16
5|185|49
2|74|37
5|80|39
1|169|62
3|195|175
2|163|134
5|78|109
4|33|124
5|77|195
5|12|89
1|156|113
5|191|32
1|166|11
4|218|71
1|107|185
2|192|46
1|2|64
1|138|195
2|203|15
1|89|96
1|47|37
5|173|160
5|155|91
4|175|66
5|35|29
2|50|49
3|212|97
3|162|172
1|152|185
3|26|170
1|136|48
5|45|60
1|178|107
1|28|90
1|154|28
4|176|33
5|161|42
1|215|193
5|187|143
4|100|62
1|161|200
3|174|8
2|209|66
3|110|110
2|50|153
4|6|185
5|69|77
3|70|166
5|169|138
5|20|62
2|64|186
1|65|171
1|71|191
4|123|38
5|7|1
3|96|178
3|164|12
3|216|58
5|6|9
5|66|158
4|37|36
5|75|99
5|118|1
1|168|189
2|86|26
3|167|23
2|87|175
3|134|165
2|44|8
4|198|63
1|32|84
1|212|28
1|19|51
2|194|47
5|39|42
2|131|32
2|143|101
1|150|97
2|149|59
2|210|117
4|120|187
5|158|82
2|151|57
3|136|28
2|52|183
3|19|70
5|41|57
2|134|56
2|191|161
5|217|138
1|210|178
4|202|129
1|84|168
4|15|157
2|105|151
1|109|9
5|93|170
1|124|178
3|41|78
5|6|16
1|153|35
5|83|130
1|212|115
2|26|157
5|145|168
2|74|70
3|210|187
3|104|131
4|35|27
5|129|53
2|193|158
4|112|17
2|133|162
1|67|42
5|149|170
2|213|171
5|219|173
2|35|134
5|171|49
3|67|44
3|54|29
1|26|20
4|137|19
2|183|118
4|105|132
2|173|114
4|16|6
1|71|74
3|224|147
3|103|40
5|47|35
1|150|14
2|178|189
2|136|85
2|157|30
4|50|182
4|72|62
3|191|95
1|7|118
4|170|86
3|82|85
5|136|187
3|99|137
5|183|129
5|127|35
1|181|107
1|221|103
3|91|113
2|125|14
1|5|165
1|97|31
3|30|183
2|41|76
5|72|73
1|57|188
5|169|58
4|222|18
1|178|19
1|137|26
1|12|150
5|34|87
4|50|156
2|177|131
2|81|63
4|106|36
4|12|29
4|187|183
5|42|185
1|174|172
5|157|135
5|193|52
2|219|99
4|64|194
4|170|82
2|25|8
4|172|24
5|136|134
4|66|135
2|223|84
4|95|31
2|169|92
4|24|82
5|183|114
5|58|126
1|30|115
2|167|7
5|132|1
5|25|118
1|183|154
5|135|27
4|179|79
3|7|79
3|85|121
5|149|39
4|92|56
4|93|129
2|135|99
5|45|155
5|103|23
5|61|199
2|188|144
2|86|200
5|80|131
2|59|64
2|117|23
3|95|98
3|59|178
5|210|111
1|4|53
1|225|121
4|62|55
3|72|81
5|215|194
5|50|199
4|67|187
2|66|85
3|66|85
5|114|163
4|153|161
2|151|98
5|97|3
1|15|4
1|130|20
1|98|193
4|52|42
2|158|42
5|129|61
1|124|199
2|81|185
3|13|18
2|75|61
2|63|50
2|106|192
1|194|141
1|183|48
3|67|80
2|115|186
2|76|63
2|12|24
4|44|39
1|182|94
4|183|159
2|151|192
3|172|115
1|66|124
1|64|87
4|95|11
1|64|168
4|58|74
5|110|4
3|122|187
5|180|47
1|91|89
5|135|42
3|30|106
5|209|177
5|108|1
2|177|46
4|10|4
4|152|87
5|94|110
3|51|138
3|99|93
3|225|68
1|206|180
4|41|112
5|116|19
5|165|75
4|208|14
4|177|144
5|83|27
1|102|96
1|116|32
4|87|170
3|77|31
1|36|98
4|137|2
3|78|164
3|83|38
3|34|113
1|176|166
3|204|37
4|65|130
5|219|86
5|59|47
2|49|128
4|189|84
2|102|78
2|222|179
2|50|88
2|134|2
2|224|125
4|219|118
4|23|192
2|123|104
5|208|20
4|67|52
5|104|21
2|220|178
3|25|48
5|12|159
4|61|19
5|223|181
4|29|43
4|84|57
3|114|153
1|7|5
1|167|54
1|47|5
3|208|125
3|130|164
4|167|200
3|107|197
1|208|173
3|129|22
3|169|48
4|54|12
5|21|2
4|160|76
2|23|168
3|165|105
1|79|107
1|119|118
5|25|91
5|39|105
2|27|51
2|32|137
5|216|65
4|10|173
5|210|189
5|190|42
2|216|3
1|139|103
2|176|44
5|9|177
1|45|53
2|190|132
1|23|199
5|100|6
4|130|114
2|218|149
4|129|74
3|179|135
5|221|149
5|186|43
2|205|119
2|79|54
3|168|150
4|141|142
4|73|77
4|90|119
4|92|33
3|170|20
2|85|108
4|195|134
5|34|2
3|27|200
2|72|22
2|197|74
5|173|167
3|100|86
1|35|7
5|208|195
4|217|134
3|158|24
5|94|14
3|49|154
2|198|60
4|69|67
1|56|19
4|122|158
5|111|1
3|139|60
5|201|59
2|48|93
5|119|128
3|140|117
4|13|18
3|49|4
1|56|28
5|216|113
4|221|62
5|156|135
3|175|58
3|156|177
2|162|104
5|130|153
2|202|81
4|21|176
1|16|33
1|179|162
1|202|111
2|120|10
4|203|189
4|169|86
3|202|62
1|91|175
2|93|169
4|73|158
5|93|140
2|50|140
1|128|37
2|173|189
4|77|7
1|69|149
2|106|178
4|50|150
2|222|181
5|190|168
5|187|135
3|86|183
1|149|93
5|14|11
1|61|45
5|103|55
1|52|122
3|18|60
2|87|10
4|157|112
1|67|104
2|25|124
3|51|179
1|34|157
5|48|45
5|92|129
1|219|144
2|1|185
3|184|91
3|182|169
1|92|139
1|184|91
4|190|11
2|132|77
1|121|98
3|4|119
5|195|15
4|11|19
1|135|38
1|45|15
1|191|28
4|49|11
3|136|66
2|133|77
1|13|63
1|87|20
2|110|177
5|207|123
3|201|75
5|168|42
3|113|189
3|141|43
1|160|179
2|41|80
4|24|16
2|137|149
2|39|127
4|113|185
4|82|113
5|185|180
5|103|33
2|59|122
3|99|5
3|189|107
1|217|11
1|61|173
1|46|11
1|120|21
5|190|169
3|159|3
4|45|44
2|199|144
3|186|139
3|78|153
1|40|164
1|21|132
2|11|161
2|97|188
2|15|49
2|14|13
5|148|70
5|145|130
5|195|138
5|214|15
2|30|165
1|59|111
1|39|120
4|108|111
1|20|68
2|167|9
2|209|147
5|112|29
2|16|6
2|34|108
3|74|131
1|70|35
3|191|177
5|167|194
1|168|76
2|223|190
2|179|24
1|151|152
4|116|21
3|141|139
4|100|189
4|181|106
2|192|164
3|147|107
2|164|83
2|83|149
1|170|17
4|100|58
3|36|194
2|83|193
5|147|196
1|31|57
1|91|99
3|163|36
4|121|189
3|174|148
5|161|38
5|8|112
5|177|43
3|58|140
2|147|172
2|51|167
2|154|84
5|166|22
1|21|169
1|11|55
5|194|68
4|223|15
2|139|74
5|197|60
4|112|148
4|148|65
2|122|112
1|139|184
1|210|85
5|139|193
4|62|113
4|116|156
2|203|36
1|96|30
4|222|64
4|125|153
4|143|12
3|110|63
2|144|4
2|64|23
5|178|130
3|200|60
3|207|73
5|114|153
2|25|8
2|3|32
1|210|89
3|66|131
3|220|126
3|25|60
3|62|149
1|122|117
5|52|21
3|145|79
5|67|60
2|179|156
1|30|7
2|128|93
5|30|126
1|185|50
4|189|74
2|204|124
4|147|123
4|167|138
2|224|111
3|3|43
2|69|134
2|113|133
1|199|47
5|133|7
4|88|165
4|61|177
1|153|70
4|76|43
5|13|129
4|108|75
4|17|32
1|21|123
1|45|109
1|121|61
3|21|126
2|126|141
5|106|38
4|187|91
4|163|105
5|114|167
4|109|137
4|168|25
5|84|45
1|213|17
4|54|154
1|87|87
2|140|89
2|108|57
3|107|192
4|8|196
2|160|177
4|4|45
5|163|183
5|201|160
2|142|54
4|204|6
2|218|157
1|56|15
5|179|199
4|99|195
5|179|168
5|68|100
5|159|6
2|225|180
1|3|156
1|213|176
2|174|108
2|17|138
5|167|169
4|24|30
2|12|6
4|44|48
4|155|20
1|89|148
2|22|86
1|2|124
5|196|174
4|157|188
2|162|10
3|66|14
2|223|120
5|13|9
4|94|161
4|215|152
1|116|36
2|145|130
2|155|126
4|40|60
5|112|120
3|199|185
1|212|123
4|127|133
5|107|187
2|44|1
1|173|1
2|216|196
5|22|171
5|67|38
1|7|137
4|177|33
5|141|197
1|148|93
5|187|195
2|16|149
4|163|41
1|110|23
3|53|109
4|79|140
5|107|60
3|45|175
3|92|60
1|197|97
2|97|182
3|25|48
4|134|76
5|141|72
3|78|152
2|190|65
3|109|141
1|218|43
3|11|111
5|111|102
1|147|155
5|53|123
4|124|125
3|166|19
1|114|2
4|2|80
3|202|155
2|91|111
2|189|119
5|33|44
4|194|1
1|50|35
3|188|184
2|150|194
5|27|192
5|92|11
5|10|6
4|30|101
1|65|101
2|133|194
2|166|16
2|196|140
3|179|194
3|142|132
2|83|30
3|133|19
4|159|73
4|164|195
5|169|16
1|123|176
5|3|130
5|77|34
1|21|197
2|106|181
2|212|156
1|86|122
5|114|12
2|199|119
4|46|64
5|192|152
1|164|134
4|105|75
3|78|104
5|204|139
4|91|163
1|128|172
1|204|193
2|78|106
4|2|65
5|106|42
5|50|151
3|56|182
4|83|3
5|103|6
1|92|59
1|71|147
1|125|133
2|103|127
4|126|66
3|211|103
1|206|162
1|215|107
2|32|21
1|63|163
2|221|143
3|64|104
4|137|123
1|16|168
3|137|59
3|181|25
3|179|200
4|116|44
5|53|194
2|82|47
4|208|6
2|164|115
5|195|82
1|125|70
4|221|116
5|75|136
2|199|51
1|51|94
3|128|88
5|21|19
2|80|96
1|57|150
5|191|118
1|216|180
3|36|171
1|121|194
4|217|55
3|202|150
1|145|117
3|84|28
1|213|172
1|162|25
1|37|167
3|19|155
1|103|12
3|26|107
2|126|130
1|193|53
2|160|83
4|45|93
4|126|197
1|84|195
5|58|173
4|160|29
3|191|128
2|23|69
5|4|117
4|159|64
3|7|26
3|203|163
2|197|36
2|87|6
2|109|102
3|142|200
1|79|63
4|152|2
5|112|120
2|197|184
1|100|28
2|71|125
1|73|179
5|163|35
4|37|1
4|48|150
4|223|189
5|74|9
3|154|34
4|172|189
2|28|180
1|171|131
5|71|71
4|202|110
1|42|60
5|34|95
1|11|50
5|31|30
3|27|127
5|39|59
3|71|183
2|106|176
5|73|109
3|61|25
2|47|5
2|132|92
1|10|74
3|15|3
5|42|38
3|93|141
1|20|24
4|30|136
2|189|110
2|138|58
3|175|59
4|216|28
3|202|83
2|184|180
4|61|181
4|212|115
4|104|124
3|35|3
1|142|122
5|179|199
1|120|41
3|107|2
2|206|84
5|165|196
1|190|177
1|35|115
3|222|142
4|72|200
5|14|21
3|76|112
5|212|35
3|14|50
4|66|92
4|172|151
3|58|192
5|50|50
2|3|18
5|210|32
1|197|73
3|168|7
4|126|184
4|11|195
4|143|81
2|127|65
2|76|66
2|61|182
4|161|170
2|185|139
3|151|142
5|70|156
4|26|149
2|43|151
3|53|101
2|219|31
5|183|171
3|179|21
5|128|124
3|46|3
1|16|82
4|152|110
5|155|64
1|98|66
2|89|98
4|1|129
3|37|185
2|17|38
5|143|120
3|39|165
2|54|151
3|91|81
5|162|146
1|36|34
5|129|9
4|83|139
1|168|200
3|122|28
4|148|23
1|108|13
4|153|30
1|211|182
5|90|166
4|121|79
5|27|26
2|149|199
3|119|127
3|95|102
1|128|166
5|196|92
1|21|104
5|213|50
3|184|199
4|73|78
3|71|170
5|71|32
1|23|116
3|179|114
4|165|71
2|105|9
5|211|125
1|166|47
5|37|13
5|52|86
4|26|187
1|153|145
1|200|184
5|68|174
2|49|190
3|159|41
1|221|150
3|155|133
4|142|23
5|91|58
1|120|122
1|168|39
2|99|114
1|159|79
3|102|109
2|80|6
3|42|121
2|28|21
4|41|39
2|55|85
5|46|68
5|67|141
5|34|81
3|152|14
5|91|25
5|5|188
2|173|47
1|71|63
3|224|59
5|2|95
3|137|49
1|119|69
1|61|135
4|104|173
3|59|62
4|200|36
2|22|118
2|54|74
5|95|51
3|141|161
3|36|56
2|100|184
3|53|162
5|66|24
5|192|2
2|173|122
5|100|20
4|126|104
1|115|104
3|35|131
1|216|141
5|132|195
5|201|123
2|167|10
5|155|174
5|101|92
4|42|29
2|214|24
5|77|76
1|35|200
5|90|33
3|104|31
4|124|24
2|45|20
2|175|1
1|12|4
1|81|2
3|65|114
1|62|104
5|29|140
4|193|195
2|14|134
4|184|53
1|222|97
4|25|179
2|110|127
5|53|73
4|220|199
3|165|84
3|217|13
4|116|58
5|92|88
2|65|45
1|104|4
2|153|180
5|122|129
5|119|93
1|37|28
1|127|47
4|106|56
2|107|27
4|166|17
1|215|197
4|103|136
4|199|129
4|88|151
3|114|159
5|39|145
4|105|40
3|28|112
5|128|153
3|107|49
5|96|18
4|187|159
3|150|108
1|22|7
1|142|20
5|52|36
3|100|143
1|130|121
1|57|123
5|12|142
3|156|110
2|185|52
4|171|71
3|10|13
5|55|144
5|114|24
5|21|64
2|163|1
4|76|45
2|59|112
5|89|112
2|157|194
5|182|34
3|98|26
5|26|149
5|26|69
3|168|10
2|185|44
1|136|78
4|189|96
5|193|170
5|9|116
1|187|200
1|199|176
4|132|57
2|35|144
4|62|106
1|62|26
5|175|24
4|78|54
2|144|41
1|206|89
1|17|198
5|216|102
2|34|8
5|118|75
4|152|3
3|206|181
5|163|184
2|32|62
4|178|55
4|222|164
2|8|57
4|212|189
4|207|84
5|8|103
4|84|89
3|42|120
2|154|199
2|56|111
3|61|173
5|132|15
1|200|64
2|170|41
5|149|188
3|119|35
5|20|185
2|116|168
5|200|156
5|98|93
1|180|147
1|88|46
2|21|103
3|105|140
2|121|132
5|52|176
4|1|189
4|97|13
1|44|10
2|147|101
3|174|82
5|149|144
1|128|90
1|166|130
1|34|61
2|38|2
4|28|178
3|10|175
3|135|33
5|94|129
1|225|171
3|83|58
2|113|27
3|112|31
4|223|187
5|151|10
3|34|126
4|207|163
4|141|119
2|39|136
3|90|129
5|40|127
1|42|150
1|58|160
2|118|192
2|64|93
1|94|190
5|123|188
1|165|112
3|167|177
2|170|70
1|204|156
1|93|47
5|14|39
1|45|49
5|179|20
5|50|4
2|21|200
3|118|76
4|160|192
1|215|194
2|21|166
4|49|151
1|139|167
1|132|170
1|147|30
3|161|129
5|36|69
2|169|65
3|192|57
5|34|63
3|67|174
1|162|27
1|196|31
1|213|154
4|15|23
1|74|192
3|110|181
4|184|40
1|158|158
5|204|9
3|192|113
1|198|26
1|66|86
2|5|50
2|73|46
2|38|187
1|155|96
5|107|137
5|106|6
3|36|18
2|166|144
4|184|152
5|79|33
3|86|19
5|123|119
2|49|12
3|99|56
3|106|62
1|171|182
3|88|63
4|26|127
3|182|169
2|113|145
2|36|49
1|41|77
3|201|100
1|84|146
1|109|118
1|90|74
1|203|65
5|177|53
3|112|173
2|97|194
5|194|72
4|33|109
4|187|108
1|45|119
1|42|181
2|72|128
4|31|32
2|135|51
3|11|148
4|71|85
5|59|151
5|192|45
2|190|30
3|196|186
5|191|168
2|213|186
5|125|79
5|125|30
5|183|186
3|217|69
3|224|152
5|113|98
4|45|129
1|209|17
1|138|62
3|127|91
2|180|181
3|22|30
1|171|185
1|217|135
5|163|149
3|1|42
1|116|59
3|92|148
4|119|101
2|98|46
5|49|137
2|179|35
3|117|117
1|10|114
1|204|128
3|211|62
3|25|192
1|105|39
3|19|58
3|148|156
3|109|181
3|24|142
2|194|14
3|179|70
4|96|73
1|38|197
4|158|144
2|107|162
2|214|86
5|60|8
1|53|121
3|224|63
3|29|84
4|196|80
1|77|53
3|34|190
2|146|39
1|207|137
2|4|42
1|23|109
1|64|147
3|176|89
5|202|159
2|90|199
2|77|102
3|121|130
5|189|137
2|209|119
3|66|87
4|49|53
2|41|92
5|38|80
2|189|99
1|211|69
4|183|45
2|134|184
5|69|74
1|167|117
5|152|190
2|135|100
1|64|67
3|44|154
4|68|100
4|179|59
3|15|142
3|81|153
5|128|170
5|106|23
2|39|109
3|123|43
1|177|123
5|12|107
3|58|113
3|139|47
4|142|39
1|27|153
5|216|144
2|17|143
2|172|189
2|147|177
5|105|56
4|91|67
2|53|178
4|58|78
1|9|74
1|117|30
2|151|119
1|111|21
2|52|36
1|23|35
5|102|189
2|89|6
2|124|165
5|2|7
2|118|133
2|7|83
1|222|17
2|37|56
4|89|24
2|221|187
3|171|25
2|62|67
5|126|3
3|1|9
4|118|56
3|199|14
4|107|146
4|69|62
2|112|65
2|7|97
1|156|192
2|12|105
2|12|158
2|149|192
4|156|22
2|14|25
5|8|157
4|8|187
5|81|74
5|193|27
2|132|60
4|139|76
4|46|53
3|216|66
1|58|176
1|37|164
5|22|53
3|170|35
5|158|90
3|53|72
2|128|56
5|125|113
4|110|18
2|64|60
4|77|41
2|28|129
2|64|117
1|133|54
5|27|87
5|138|55
3|57|35
4|137|93
2|220|161
5|214|198
1|192|62
5|102|117
3|104|198
1|33|187
4|23|94
4|87|181
3|138|94
1|203|70
2|117|98
4|201|13
5|216|97
2|164|139
1|114|134
4|133|18
3|111|25
2|48|137
3|206|117
2|223|34
3|56|5
5|192|150
4|63|24
5|212|117
3|93|111
3|100|94
3|170|14
4|98|79
4|25|180
2|95|105
4|88|138
3|102|120
2|50|180
3|8|125
1|152|185
1|171|156
5|80|166
2|102|143
3|157|187
2|143|29
3|182|152
5|49|34
1|51|181
4|132|47
4|167|130
1|170|123
1|102|69
1|213|21
5|194|94
3|175|191
1|63|160
3|42|163
5|148|36
5|102|19
4|222|77
4|137|87
5|11|48
5|72|123
2|15|131
5|80|136
3|110|4
5|187|51
1|152|163
1|142|174
4|181|194
5|3|146
4|29|27
4|115|139
5|65|5
4|115|91
5|149|120
5|9|162
2|172|1
1|210|16
3|225|24
5|188|164
3|60|110
2|47|85
2|156|167
5|166|155
4|25|147
3|2|128
4|100|85
2|187|41
3|182|150
4|74|40
3|62|50
3|222|79
1|176|135
1|182|30
5|14|4
3|11|195
1|143|184
1|86|109
5|105|153
3|94|119
2|143|44
2|78|6
4|166|174
2|26|1
3|200|147
2|44|197
4|122|93
4|178|6
2|19|14
1|15|105
1|158|187
3|137|89
1|78|74
2|186|35
4|132|28
3|33|18
5|133|29
4|73|113
1|219|87
5|62|90
5|147|90
5|11|85
5|104|130
1|135|51
1|127|184
4|126|37
3|21|126
2|40|35
2|92|132
1|16|100
4|106|45
3|54|187
5|132|176
3|141|167
2|30|153
1|139|149
5|25|23
3|188|183
3|19|141
2|28|128
2|167|145
5|36|180
5|90|133
5|18|38
4|135|120
2|200|186
4|96|181
3|116|139
2|13|176
4|198|56
2|223|91
3|86|35
3|34|114
5|132|98
5|81|98
4|92|10
5|200|152
1|208|162
5|140|147
3|169|149
1|223|73
2|134|83
1|100|60
4|193|148
1|221|2
4|139|49
1|137|73
1|44|29
5|49|5
5|74|43
2|204|82
5|95|7
2|200|30
2|90|17
2|5|156
3|149|103
1|214|122
4|36|44
5|137|49
1|10|193
5|40|86
4|24|161
2|174|109
4|35|6
2|3|187
1|11|168
1|224|108
5|142|136
3|87|103
3|147|174
3|28|85
1|73|187
2|68|69
4|117|144
5|63|30
4|155|173
2|61|28
4|52|186
5|60|93
3|72|147
3|44|135
1|212|48
4|72|115
4|8|43
2|215|107
1|199|177
1|64|2
4|34|10
5|202|188
1|91|146
1|114|141
1|130|101
1|5|85
4|85|98
1|35|189
4|115|176
2|96|8
4|165|86
4|205|67
5|214|108
3|181|155
2|70|82
5|104|196
2|194|58
3|70|173
1|101|89
2|41|118
5|33|92
2|110|153
5|172|167
5|80|80
1|189|94
3|38|104
3|66|93
2|19|106
4|120|72
5|182|33
3|83|125
1|120|191
2|178|57
2|96|45
3|39|187
5|19|134
3|46|184
4|73|6
2|191|48
2|15|180
4|83|16
3|16|47
4|181|105
2|44|181
1|186|65
2|223|196
5|104|30
4|82|187
1|114|83
2|175|22
3|156|74
2|139|31
5|77|196
1|185|187
2|69|27
1|19|155
2|58|72
2|155|13
3|41|25
2|188|92
2|130|1
2|173|183
3|197|138
2|84|112
2|146|190
4|106|46
5|148|106
4|78|131
4|39|134
3|196|196
4|21|122
3|6|85
4|34|31
2|92|185
4|65|154
2|113|78
4|149|85
5|11|170
2|208|131
2|80|159
1|159|73
4|46|28
3|10|62
2|47|19
1|72|153
2|7|155
4|205|120
1|167|189
2|189|144
2|77|197
4|202|91
5|20|38
1|62|12
1|129|94
2|92|156
1|68|46
3|88|130
4|224|81
1|33|120
5|205|59
4|13|118
4|192|4
3|18|2
4|67|154
2|28|85
4|181|33
2|87|169
3|48|173
2|81|143
1|223|166
1|42|122
2|100|137
2|63|173
3|53|174
1|104|16
3|163|159
5|53|146
3|187|182
3|199|65
2|157|29
2|36|103
4|190|106
2|107|166
3|82|71
4|86|72
3|56|96
5|10|53
2|160|139
4|76|133
3|5|151
5|209|103
2|107|190
3|48|72
3|191|165
3|225|144
5|118|107
5|107|186
2|78|135
4|83|113
2|173|136
3|173|199
2|219|195
2|201|139
2|34|159
3|199|165
1|18|30
2|39|90
1|168|143
2|82|17
1|210|157
2|201|37
1|189|157
4|75|3
3|97|26
3|47|108
2|34|179
4|98|80
4|171|91
5|73|54
4|100|62
2|189|61
4|42|172
5|218|55
2|97|62
4|44|23
5|45|63
1|122|39
2|113|165
1|68|59
2|149|159
1|145|90
1|145|118
3|189|49
1|164|76
5|44|95
4|218|198
5|89|18
2|215|98
3|210|156
1|76|83
5|66|126
1|20|168
1|23|60
2|217|47
2|139|12
4|4|12
1|5|16
2|102|83
2|165|3
1|197|120
3|76|18
3|69|66
5|183|47
4|206|200
4|222|139
1|141|98
3|96|156
1|161|1
1|10|185
5|49|168
1|110|122
5|144|120
1|100|3
2|175|135
4|165|42
3|220|111
1|40|129
4|88|163
1|110|55
1|93|126
3|108|84
2|133|149
1|62|31
2|20|144
2|180|178
4|181|106
3|157|51
3|220|10
3|182|40
4|162|120
2|88|110
1|219|84
2|49|200
1|163|160
1|223|77
4|22|170
4|10|97
3|114|13
1|170|12
1|153|10
1|68|76
2|19|178
3|91|104
4|106|186
1|113|111
1|219|59
1|182|131
4|44|67
5|52|1
2|199|165
4|53|125
1|165|88
4|122|89
2|185|153
1|148|122
2|141|7
1|70|29
4|109|17
4|172|78
5|210|1
3|90|10
4|38|31
1|196|47
1|11|12
5|61|130
5|173|2
1|67|150
5|165|22
3|147|36
2|126|193
4|149|41
3|50|28
2|186|55
5|140|144
5|213|54
4|213|120
1|72|87
1|12|89
4|210|151
1|113|24
2|109|140
4|63|92
1|75|13
1|100|102
5|171|46
3|207|107
3|210|77
2|172|58
2|93|26
1|91|45
5|14|29
2|113|51
2|170|131
3|225|116
5|56|126
2|31|75
2|60|5
5|66|138
4|173|183
1|46|200
4|151|183
2|161|1
3|78|193
3|65|62
1|63|176
5|163|4
2|29|50
1|41|34
5|170|73
5|62|63
4|202|41
5|62|139
2|19|20
1|199|163
3|56|54
4|148|74
2|222|99
3|76|81
2|219|68
3|132|14
5|188|94
3|92|191
4|150|98
2|45|47
3|162|167
4|91|113
2|35|158
5|105|163
1|111|98
4|77|98
3|31|96
2|83|23
1|220|176
3|117|166
5|204|55
3|59|170
1|4|106
3|21|60
4|34|65
4|75|25
1|195|109
5|41|192
4|89|137
1|59|20
3|55|106
1|161|142
4|205|145
2|54|141
2|71|53
3|215|24
3|67|75
5|143|164
4|211|164
1|220|39
3|212|11
3|49|29
3|143|170
5|120|142
5|195|28
3|75|59
1|191|40
3|34|32
5|112|6
4|88|6
4|186|164
2|45|77
3|18|42
2|1|83
5|184|7
2|206|96
2|107|78
2|81|60
3|15|144
2|221|55
2|76|9
4|32|1
4|141|106
4|124|6
2|48|20
3|143|85
2|140|81
4|48|51
2|51|3
2|209|114
2|118|81
3|175|100
4|65|166
1|14|100
4|25|164
1|33|179
4|164|200
1|222|20
5|42|8
2|93|154
2|105|22
3|139|127
4|116|29
2|187|144
4|123|179
5|219|25
2|177|151
1|55|164
4|89|12
2|86|86
4|130|129
2|61|96
3|82|169
4|135|95
1|99|152
2|4|1
5|22|63
4|178|160
5|90|49
2|21|148
3|146|170
1|187|32
4|120|170
5|147|194
3|138|147
2|206|31
3|45|4
2|142|8
1|221|135
5|133|132
2|107|15
2|208|14
1|26|66
3|39|138
3|185|88
1|222|100
3|166|52
1|3|114
2|193|170
1|118|154
5|34|27
4|131|69
4|130|141
2|26|116
4|60|129
1|6|145
1|4|171
1|159|194
5|188|118
2|186|33
3|196|58
3|186|8
2|163|151
2|139|136
5|27|194
5|203|89
1|92|65
5|132|50
4|155|11
2|197|200
1|127|115
2|4|137
2|36|18
2|115|183
1|199|141
5|32|159
5|116|132
2|205|176
3|212|87
2|208|190
1|6|110
2|184|174
1|107|100
2|52|26
1|86|200
4|156|69
4|99|161
2|186|63
4|174|8
1|210|109
5|28|117
5|96|184
4|74|25
1|141|170
4|46|85
4|68|37
5|114|35
4|95|85
1|29|93
4|28|49
5|48|89
2|215|39
5|89|170
1|27|110
1|34|61
5|106|189
1|206|81
5|148|142
5|18|103
2|131|76
2|148|75
3|118|103
2|114|160
2|4|165
1|35|154
4|149|117
1|112|26
4|200|6
2|211|70
5|75|159
1|222|140
2|178|119
4|195|149
3|224|143
4|2|54
3|71|16
1|54|63
1|186|59
1|146|144
5|103|151
3|91|29
1|73|55
1|33|140
3|141|138
3|86|82
2|72|33
4|204|90
1|187|22
1|162|11
5|177|165
1|129|30
2|48|97
5|178|173
2|212|166
1|19|29
2|224|37
2|136|11
3|218|12
4|214|155
1|34|153
4|29|116
5|83|140
1|93|38
3|58|63
5|147|119
5|94|75
1|165|6
3|93|117
3|145|169
3|96|190
1|213|143
3|126|194
2|168|8
5|20|121
5|182|65
5|1|35
2|8|119
4|11|34
2|165|3
5|213|151
3|204|190
3|93|73
5|224|84
1|17|63
4|79|199
1|179|88
4|48|121
5|192|91
1|186|143
1|53|174
2|57|102
2|166|79
2|36|169
3|108|90
5|192|11
4|139|178
2|82|151
2|216|169
4|194|85
4|21|56
1|96|135
5|76|195
4|126|68
4|158|35
2|153|36
2|54|81
3|149|14
1|211|24
4|34|180
2|164|28
5|113|166
4|26|100
4|15|168
4|136|4
4|78|118
2|66|179
4|197|29
5|98|18
4|177|135
3|1|26
2|217|70
3|66|125
2|138|63
1|183|4
2|99|15
1|82|118
1|216|17
1|31|66
5|98|155
5|47|32
5|49|178
5|117|191
1|90|58
4|205|193
5|7|27
1|159|155
1|138|62
1|203|85
1|191|12
5|152|161
3|143|84
3|90|46
3|93|76
5|27|198
3|39|94
3|122|164
5|112|78
2|141|186
5|215|55
5|196|182
2|123|82
1|40|86
4|17|25
5|95|130
4|151|165
3|25|137
5|22|106
2|16|109
5|57|61
1|32|109
4|144|155
3|98|163
1|225|117
4|129|98
1|67|176
3|27|191
1|206|134
5|180|60
1|20|81
4|76|160
1|18|131
1|168|129
4|10|37
1|175|136
3|22|64
1|191|75
3|120|182
4|6|4
2|145|193
1|26|145
3|164|50
5|183|29
1|169|160
5|28|19
2|173|145
5|205|74
1|55|138
1|206|86
2|200|187
5|200|40
5|16|133
5|164|178
4|208|52
4|21|138
5|194|79
3|81|61
5|170|119
5|213|124
5|14|77
3|105|135
5|212|61
4|170|14
4|57|98
5|28|9
1|56|170
5|187|22
4|190|190
5|1|10
4|28|50
3|144|125
3|202|62
5|211|105
4|100|16
5|128|142
2|213|56
5|210|99
5|165|133
4|209|85
1|192|141
5|224|107
1|4|151
2|163|49
1|201|103
2|111|14
5|224|176
1|213|177
2|179|103
1|79|97
3|186|159
3|51|112
5|127|196
4|184|53
4|90|197
2|81|140
1|41|9
2|213|154
1|53|79
2|7|4
4|147|108
4|212|130
2|80|166
3|211|19
4|112|136
4|157|165
5|95|142
5|30|175
4|60|58
5|72|154
3|9|179
5|140|142
5|27|84
1|153|140
1|45|171
3|99|94
5|16|119
3|68|168
3|18|126
3|74|136
3|165|68
2|100|117
1|197|138
2|222|167
4|212|162
2|67|87
3|141|131
1|120|116
1|178|180
2|54|82
4|25|6
1|169|100
3|36|72
1|8|124
3|83|114
3|203|83
2|112|175
1|177|140
3|100|108
1|47|22
1|166|40
3|97|189
3|7|94
5|27|99
2|142|41
5|47|31
2|96|119
4|128|104
1|139|5
5|19|178
5|207|60
3|190|101
3|151|149
2|203|59
2|26|48
5|56|57
5|36|50
5|43|135
1|54|138
2|100|32
5|96|62
1|65|109
3|207|123
5|8|41
2|30|183
4|59|178
5|107|57
2|192|158
4|83|56
1|85|51
3|161|128
1|220|28
4|170|78
2|186|83
3|45|188
2|170|136
2|55|68
5|58|183
2|194|104
2|156|10
5|8|125
1|85|105
5|94|25
5|158|187
4|32|192
1|23|51
5|67|187
4|29|130
4|34|38
5|55|128
1|65|136
4|21|68
5|84|92
2|218|20
3|151|10
4|193|168
1|166|6
3|13|156
1|62|99
4|93|40
5|189|130
4|155|31
2|172|63
5|179|134
3|8|91
1|159|6
1|38|29
1|28|108
5|6|73
5|62|191
2|11|76
1|64|128
1|174|101
4|160|140
2|69|62
2|154|196
5|55|94
1|209|66
5|53|8
1|144|79
5|56|30
1|42|116
1|161|46
5|21|19
3|35|156
1|159|103
4|201|156
1|208|175
5|67|199
3|201|190
4|107|175
2|56|33
2|20|190
5|37|8
2|172|102
4|36|59
4|157|58
1|52|192
2|20|138
1|156|173
3|29|113
5|178|84
4|76|94
4|131|55
1|112|147
3|93|58
2|198|44
3|139|72
2|128|163
1|115|149
1|217|75
3|139|148
2|54|29
3|193|52
5|40|177
4|187|181
5|168|94
2|174|111
2|166|146
5|105|188
4|53|29
2|34|144
4|225|152
4|2|44
3|128|68
1|184|73
4|34|116
2|120|44
3|208|189
3|173|177
1|193|183
5|214|47
4|31|90
2|217|85
1|132|54
2|139|13
1|60|6
4|171|73
4|159|66
2|62|26
4|90|31
5|59|170
3|49|94
3|150|114
5|103|65
4|13|51
2|213|170
4|49|165
1|78|102
5|77|153
3|115|198
3|196|135
3|134|18
4|220|117
3|113|158
4|151|26
5|110|29
3|47|87
2|10|50
1|115|23
4|191|130
4|170|152
5|12|119
1|81|113
2|55|192
5|25|111
4|165|88
2|114|23
1|105|16
5|156|108
1|22|54
3|111|116
5|207|196
3|48|143
1|71|19
1|176|32
4|70|102
1|212|89
1|43|191
5|4|101
5|68|64
3|99|180
1|6|143
2|82|54
5|182|82
5|98|97
4|179|58
5|116|91
4|96|63
5|5|8
4|20|117
4|195|117
5|22|61
2|68|136
3|163|153
4|111|140
5|206|182
3|44|195
4|195|101
2|70|142
1|10|157
1|207|122
2|152|200
5|69|123
3|126|96
1|225|114
1|195|40
5|189|168
4|163|9
5|128|41
4|24|88
4|143|148
5|74|67
3|121|193
1|59|57
5|4|6
5|58|116
1|155|132
1|4|126
5|131|170
4|89|60
4|76|30
1|153|164
2|6|43
2|41|31
5|133|75
1|98|9
4|33|10
1|163|26
3|136|171
4|55|153
4|40|53
5|69|86
4|27|113
5|51|182
4|222|121
5|27|106
1|34|12
2|125|91
4|175|93
5|21|147
1|193|125
2|36|5
2|26|118
1|199|180
1|156|82
1|221|198
1|4|4
4|201|130
2|107|88
3|72|7
3|158|65
4|16|199
5|52|22
2|36|29
3|63|182
1|77|7
2|85|68
2|88|200
3|184|186
4|40|28
3|205|184
4|163|180
1|165|120
3|206|158
1|224|74
4|56|156
3|138|152
3|205|79
3|48|58
4|212|66
3|213|5
5|205|163
2|223|113
3|27|29
1|92|114
3|80|23
4|193|195
2|46|120
2|46|20
2|165|135
4|53|118
4|78|153
2|165|57
3|111|93
1|158|30
2|26|34
1|181|163
5|139|16
4|225|160
1|220|67
3|128|91
1|132|74
2|9|189
1|202|23
5|95|163
2|17|56
4|12|95
5|142|145
2|197|73
5|40|50
4|28|123
4|207|181
2|9|102
4|139|16
3|98|120
2|11|15
1|168|193
5|51|12
2|78|52
2|77|196
3|66|19
2|5|160
5|36|107
5|21|104
5|91|150
1|203|8
3|177|79
4|46|28
2|31|177
4|94|45
3|45|92
5|87|102
3|51|17
5|137|158
4|53|193
3|142|49
5|203|40
2|168|39
4|112|77
5|9|131
1|202|85
1|31|121
1|122|106
3|34|110
4|102|130
4|69|174
3|172|87
1|22|196
4|22|169
1|61|81
4|212|110
5|163|152
4|123|60
5|32|200
3|160|2
2|219|27
4|165|138
2|70|188
4|104|97
2|94|147
5|81|159
5|213|5
5|5|118
2|210|59
5|67|48
2|73|82
1|104|190
2|163|60
4|207|161
2|143|33
1|153|149
1|81|32
5|120|199
5|68|130
3|223|24
4|27|49
4|114|51
2|133|120
2|30|125
5|63|151
4|164|138
4|67|153
1|7|92
4|74|7
5|216|123
4|57|24
2|172|17
1|102|83
2|183|59
2|81|163
2|166|171
2|223|135
4|158|50
1|46|7
1|70|177
5|201|168
4|190|52
3|100|154
1|58|42
5|31|38
4|192|38
2|43|153
3|94|143
3|11|87
3|215|154
2|112|104
3|108|96
4|91|24
2|182|166
1|89|64
2|150|94
3|29|137
1|144|41
2|120|134
3|96|189
1|72|189
2|13|59
4|204|198
3|81|105
3|114|111
2|90|48
4|103|93
3|37|179
2|137|66
5|44|2
5|9|107
2|112|35
5|119|176
3|137|74
3|168|155
2|103|126
1|136|87
5|17|90
5|51|107
5|105|147
3|95|81
3|136|141
4|132|28
5|59|103
3|41|16
2|150|36
4|170|187
1|188|75
4|80|21
2|73|76
3|92|23
2|124|192
4|132|76
2|141|103
4|25|187
3|11|114
5|61|69
2|13|119
5|185|125
3|137|192
4|156|74
3|15|53
2|144|31
3|183|91
1|164|117
3|137|140
2|112|174
4|223|127
4|125|108
2|18|14
2|201|184
2|109|119
3|166|113
1|24|197
3|89|120
5|187|105
2|15|56
3|210|123
3|31|63
2|146|131
1|139|147
1|182|198
2|89|180
3|169|171
3|74|26
4|121|52
2|152|196
2|35|93
4|19|58
3|135|41
4|152|20
5|1|102
1|127|140
4|110|121
3|18|45
4|178|16
3|184|53
5|93|27
4|21|163
1|188|153
5|112|192
5|94|160
2|21|6
4|144|177
4|163|35
3|59|189
5|53|58
3|181|71
4|85|165
2|128|178
3|56|190
5|92|178
4|84|181
3|27|168
5|141|63
4|219|158
3|113|116
1|11|181
4|77|90
2|35|41
2|20|28
4|91|136
4|143|62
1|124|20
1|120|48
3|13|166
5|138|127
2|5|199
3|147|183
2|222|118
4|26|186
3|78|113
5|198|102
4|92|31
2|14|55
1|44|136
3|135|33
1|6|116
2|219|131
2|49|187
5|20|130
4|148|36
4|102|30
1|113|13
4|172|159
4|153|170
1|108|76
3|116|84
2|191|96
3|137|85
1|204|2
1|147|34
3|196|73
3|38|104
4|194|3
3|113|169
4|106|44
2|186|132
2|65|157
2|170|85
1|104|3
3|113|71
1|13|171
4|81|176
1|147|139
3|129|135
2|82|24
1|10|197
1|12|95
5|4|4
5|85|49
3|137|116
2|101|194
2|43|45
5|60|19
2|176|188
1|3|3
1|111|68
4|11|51
1|194|135
1|37|51
4|110|82
5|28|106
2|181|135
4|209|104
2|74|112
4|136|65
1|209|131
2|26|87
3|139|57
3|42|195
2|170|142
1|151|27
1|68|44
1|68|69
1|61|165
3|165|155
3|134|104
4|79|158
4|141|70
4|115|90
2|165|180
4|94|176
5|139|112
4|172|184
4|20|92
3|131|150
1|58|27
1|96|199
3|220|88
5|55|129
4|217|45
1|19|76
2|74|41
2|48|69
3|87|125
5|53|59
3|144|65
2|181|199
1|164|82
1|82|3
2|143|119
1|206|97
5|180|16
3|29|82
2|196|188
5|67|165
5|164|81
3|146|12
1|153|44
3|36|21
1|52|89
2|37|159
3|110|74
1|9|178
4|127|167
2|48|140
1|198|33
4|174|172
1|94|36
3|70|165
2|22|27
1|23|39
5|74|31
4|94|68
3|169|69
1|218|93
2|90|135
3|84|15
3|189|168
2|86|95
5|177|63
1|174|156
2|31|41
2|177|18
1|24|196
2|189|57
2|208|8
2|164|135
4|142|93
4|150|72
5|201|124
1|35|158
5|31|55
1|82|54
4|3|156
2|77|89
2|43|184
5|7|125
1|126|159
5|95|143
3|20|133
4|141|86
3|35|68
4|41|146
1|125|96
4|184|163
5|148|79
3|131|105
2|165|2
2|154|50
3|85|57
1|38|69
1|67|155
2|140|200
2|40|102
3|144|124
2|223|67
4|23|173
2|45|127
4|191|28
1|24|1
2|75|170
1|109|62
1|129|70
5|139|10
1|34|51
1|28|8
3|95|125
4|3|198
1|85|25
1|163|200
2|205|86
3|166|77
3|7|134
3|173|180
1|72|58
1|180|74
5|208|114
3|166|33
2|190|167
2|156|93
1|46|184
3|162|158
2|191|80
3|160|114
5|222|12
4|136|78
3|137|60
5|132|90
2|164|183
1|14|151
5|122|2
5|138|38
3|155|155
3|224|115
1|120|68
5|190|38
5|225|110
5|4|52
3|198|183
3|19|16
4|107|45
5|173|167
2|20|116
4|106|31
2|185|145
3|85|40
4|62|149
3|56|145
3|28|110
2|14|200
3|205|124
3|177|28
4|126|174
3|26|150
2|177|28
5|193|102
1|87|154
3|81|78
3|122|71
5|36|99
3|217|140
1|64|95
5|90|80
5|96|132
2|145|63
4|181|31
1|220|22
4|144|78
1|13|158
3|181|8
3|33|191
2|105|69
2|101|49
5|38|179
3|115|171
4|80|129
1|23|79
4|203|114
3|52|198
5|35|28
4|223|13
1|170|75
3|40|130
1|164|140
4|66|106
3|122|71
1|116|137
5|158|35
1|63|22
1|98|149
5|145|152
5|63|81
3|182|151
5|117|119
1|48|97
3|41|143
5|36|107
5|204|78
4|40|122
3|141|103
3|43|135
3|202|143
2|59|131
1|91|105
5|27|168
5|211|71
2|200|181
4|152|187
5|180|47
2|195|189
2|19|15
1|127|88
4|134|128
1|189|6
1|137|151
2|128|13
1|50|124
3|44|145
2|133|154
5|70|81
1|155|84
5|200|148
5|109|58
5|107|163
4|52|180
1|190|132
4|189|164
5|196|39
2|204|102
1|93|15
4|156|146
1|202|80
5|31|15
4|6|132
4|176|105
3|138|163
4|148|143
2|65|145
3|72|10
1|218|92
2|169|125
5|139|126
4|58|91
2|217|147
3|50|161
4|39|23
2|81|177
5|76|173
5|108|48
1|33|193
1|195|168
4|72|167
4|17|72
1|173|10
5|95|123
5|132|196
3|148|114
4|117|158
3|155|136
2|3|17
4|2|45
5|218|175
3|67|186
4|220|76
3|41|98
3|131|82
3|59|125
2|118|118
3|211|77
5|63|82
2|222|79
1|89|69
3|41|113
1|24|67
2|98|10
3|65|194
4|123|135
1|81|64
1|11|86
1|167|175
1|187|182
1|128|18
1|1|97
3|6|64
4|84|102
4|5|106
4|173|54
4|46|177
5|107|90
1|185|37
4|195|189
4|57|147
3|96|168
2|99|22
5|180|116
4|170|194
4|144|171
3|168|105
1|70|168
2|188|60
1|88|88
5|192|169
1|172|61
4|208|131
1|14|137
5|30|133
3|111|86
3|45|21
1|127|40
3|173|69
5|49|135
1|105|193
2|147|29
1|121|184
1|59|32
2|74|118
1|3|194
4|62|112
5|191|158
4|84|176
1|219|99
3|53|126
5|118|117
2|74|132
2|11|95
1|102|136
3|57|84
5|137|195
1|163|170
1|51|162
4|225|52
3|205|175
4|181|118
2|82|83
1|223|195
2|31|93
1|179|11
2|225|2
5|168|144
1|217|131
2|200|157
4|58|101
4|142|14
2|160|185
2|16|111
5|185|19
4|1|120
4|190|193
2|177|48
5|54|36
5|133|115
1|144|152
5|77|44
1|107|110
5|135|41
1|25|68
3|195|114
1|49|164
5|46|89
3|187|136
1|168|79
4|158|61
4|103|58
2|38|134
5|36|28
1|95|47
1|104|20
2|104|28
2|9|188
2|127|48
1|63|105
3|58|171
4|9|163
5|145|63
1|179|159
2|101|96
2|220|25
3|217|158
4|215|113
4|20|17
3|21|173
5|46|181
2|36|129
1|39|94
5|32|74
4|95|55
1|33|119
1|191|120
3|7|19
3|67|75
4|91|30
2|20|35
2|3|28
4|133|166
4|74|39
3|82|30
1|179|61
1|10|184
1|93|43
4|79|85
2|133|183
4|134|158
4|10|29
3|127|131
5|25|17
4|134|189
4|187|68
4|39|84
2|134|80
4|124|8
4|97|23
4|207|171
2|71|127
5|17|125
4|61|129
5|19|68
2|113|88
5|154|26
4|148|49
1|63|44
1|42|48
4|184|83
3|130|71
3|181|189
5|78|97
4|183|38
4|21|3
1|58|59
1|24|125
1|72|103
5|102|17
3|144|111
1|43|173
3|49|97
3|78|110
1|112|44
5|203|71
3|196|60
5|160|54
3|5|40
2|163|162
4|31|30
4|111|168
2|72|68
5|225|15
4|146|173
4|38|59
4|72|1
2|218|32
4|154|47
4|192|26
4|180|190
1|216|148
1|143|194
2|124|117
5|147|150
4|15|6
4|205|34
5|182|53
3|202|137
3|134|178
1|96|73
4|57|32
1|120|148
4|191|39
2|196|135
4|145|31
2|132|188
5|135|25
5|1|34
1|142|93
2|96|39
3|58|182
4|82|89
5|65|155
1|122|191
3|38|192
2|122|170
5|28|141
2|43|24
5|25|67
1|172|167
5|124|1
5|188|169
1|29|93
1|65|47
4|157|60
4|43|114
2|126|52
5|166|135
4|72|197
1|67|66
3|101|108
3|9|179
5|144|14
2|137|103
5|140|21
2|132|182
4|172|144
2|19|101
1|88|170
3|116|110
3|11|155
1|224|68
5|201|56
2|127|135
2|135|22
1|94|29
4|208|179
4|16|199
2|36|51
1|135|109
2|98|91
1|206|46
1|100|67
2|91|200
1|49|133
2|59|183
2|77|194
5|1|194
2|120|13
2|32|5
2|60|25
3|186|36
2|104|9
4|117|115
4|173|175
1|160|99
1|118|35
5|210|94
2|211|193
5|130|192
2|220|95
2|182|92
4|91|174
3|67|78
1|175|108
3|11|195
3|68|144
1|190|157
4|87|62
4|212|52
4|93|120
5|116|65
3|195|102
3|167|95
4|56|138
2|47|105
4|217|6
2|75|40
4|216|118
2|93|11
1|184|126
1|146|148
2|130|11
1|61|25
5|5|82
3|16|80
4|95|168
3|47|129
5|98|90
2|6|64
1|148|174
4|47|172
2|56|8
3|81|197
4|104|82
2|90|157
1|126|84
1|68|119
4|217|155
2|44|179
2|112|143
2|66|136
2|6|56
5|157|140
2|208|16
1|113|16
4|21|21
3|210|97
3|102|199
2|87|167
2|119|74
4|148|67
5|215|109
1|87|171
1|24|185
5|95|91
5|25|40
1|134|57
1|209|62
2|91|100
1|104|122
2|175|124
1|203|116
4|187|34
5|2|158
5|14|91
5|85|100
2|97|172
1|218|114
1|155|26
4|11|84
1|174|72
1|34|159
1|106|36
1|212|24
4|13|110
4|139|183
3|108|44
1|204|23
3|106|19
2|112|121
3|186|198
5|88|7
3|46|197
2|136|137
5|82|104
1|51|135
2|50|146
3|24|19
5|101|121
2|195|149
4|31|188
5|133|141
1|210|13
1|74|37
3|71|85
2|81|50
2|167|71
1|16|97
4|175|54
4|217|88
2|211|100
3|45|64
2|103|184
3|190|170
1|138|169
5|106|46
1|188|68
3|140|86
1|46|115
4|23|30
5|149|105
1|71|24
1|148|5
1|66|78
3|67|59
5|93|136
4|155|22
3|2|79
4|142|136
5|130|125
5|10|138
5|58|78
4|142|167
5|170|100
2|135|74
1|143|35
5|27|196
4|145|160
4|90|103
4|28|72
5|104|32
5|202|49
1|193|18
5|58|85
3|16|77
1|213|114
1|30|177
4|123|122
1|198|27
5|111|130
5|28|50
1|70|175
2|159|28
3|155|31
4|169|32
2|46|113
3|188|14
5|213|85
1|185|63
5|60|178
1|129|194
3|169|126
4|110|63
2|189|21
3|146|109
4|121|126
2|49|194
4|103|166
5|57|135
3|182|49
5|5|67
5|20|116
4|194|60
3|136|52
2|150|51
3|97|200
2|166|94
5|128|129
3|134|179
2|11|7
2|107|49
3|104|11
1|151|3
2|206|35
3|108|37
3|72|193
3|119|9
1|200|156
5|2|3
2|189|32
1|1|167
3|130|49
5|209|117
5|65|124
2|213|49
1|73|190
1|155|127
3|37|79
1|155|42
3|177|39
1|157|67
3|88|81
3|6|138
3|225|84
4|214|164
2|13|106
5|44|111
3|114|134
5|98|164
1|207|5
5|87|102
1|49|171
3|130|185
5|54|187
5|36|54
3|159|157
2|181|57
1|38|60
2|213|20
3|83|121
2|11|43
2|118|157
2|111|41
2|119|151
3|203|10
5|95|6
4|187|94
3|150|78
4|217|168
1|55|189
2|142|129
4|25|131
5|191|101
1|17|7
5|130|193
5|208|22
1|114|56
1|160|186
3|209|193
5|72|127
1|165|51
5|177|195
4|171|149
5|8|3
1|190|28
3|21|39
4|198|86
4|31|162
5|136|187
5|6|48
2|67|19
3|144|35
4|73|153
4|46|47
1|93|152
3|78|166
1|140|129
5|181|90
2|50|11
4|133|104
4|162|165
4|67|167
1|82|162
5|24|159
3|205|100
1|115|144
1|206|18
2|155|32
1|218|105
2|56|122
3|215|63
2|161|126
5|111|114
5|189|142
5|130|88
1|197|132
3|219|181
5|134|195
3|210|12
2|197|36
5|191|168
2|142|49
5|199|51
1|36|18
1|199|117
3|166|95
3|81|186
2|111|167
4|57|98
5|36|63
2|127|10
4|54|176
4|54|30
4|65|143
1|95|18
1|143|144
1|193|143
4|201|39
3|118|43
5|72|159
1|82|195
5|151|173
4|80|134
1|16|156
5|105|112
2|75|126
4|195|4
1|156|33
2|172|82
2|103|43
3|46|140
5|170|4
3|45|44
1|78|126
5|157|32
3|58|105
5|96|189
5|155|138
1|14|89
1|88|166
1|140|122
1|126|75
3|136|21
4|90|26
1|102|29
5|22|70
2|153|108
1|65|181
1|134|137
1|72|22
2|129|83
1|113|99
4|115|186
5|130|117
4|157|171
3|212|196
1|29|199
2|191|165
1|93|79
1|36|108
1|202|15
4|25|89
2|118|23
1|56|119
4|192|51
2|105|67
5|89|187
1|224|200
3|178|11
4|195|45
4|199|115
1|159|5
2|56|31
1|213|10
5|21|20
5|59|125
2|125|85
4|126|170
2|223|186
1|71|196
2|79|200
3|205|43
2|138|169
1|185|174
5|136|135
1|164|15
5|130|149
4|66|160
4|83|86
4|27|141
1|29|173
5|28|94
3|107|181
1|95|137
2|85|58
3|104|118
4|70|119
4|63|40
3|213|112
4|115|33
3|137|31
2|121|87
2|205|113
2|101|174
3|185|26
1|166|92
1|120|19
5|19|92
4|30|68
1|72|66
2|142|73
2|67|144
4|142|94
1|126|101
1|220|124
2|209|156
2|91|104
4|211|8
5|19|39
3|212|83
4|70|83
2|157|53
5|198|3
5|182|82
4|145|23
5|94|133
1|53|82
1|145|62
3|23|17
4|39|188
1|194|155
5|120|25
1|209|156
4|73|192
3|117|80
1|21|83
1|166|109
2|1|190
3|126|191
2|190|1
2|178|173
1|225|184
4|3|200
4|191|37
1|35|185
4|75|101
3|139|184
4|157|160
3|118|86
5|40|85
5|42|70
1|212|132
2|147|159
2|212|157
1|213|142
3|94|100
3|170|158
2|185|133
5|127|28
2|156|37
2|102|167
4|18|77
3|77|142
4|147|84
4|31|123
5|190|107
3|70|131
2|69|124
5|90|23
5|96|43
4|219|70
1|92|102
5|144|23
5|172|189
4|103|140
5|15|7
5|105|188
4|67|42
2|145|160
4|133|120
4|117|108
4|118|123
4|129|158
2|202|133
5|111|185
5|13|136
4|170|126
3|178|98
4|5|142
4|147|24
1|35|10
1|135|41
4|133|188
1|172|175
1|122|40
3|122|125
2|187|60
2|100|174
4|192|180
2|158|174
4|107|148
2|219|183
1|42|29
5|50|184
5|4|59
1|181|18
2|23|193
5|184|117
1|179|150
2|131|3
2|157|94
1|131|54
3|29|82
4|126|50
4|21|16
1|75|70
5|64|195
2|56|183
5|59|45
1|47|85
2|205|145
3|121|196
4|32|199
4|130|24
5|54|43
3|133|17
5|210|86
2|46|113
5|132|90
1|192|56
4|47|129
5|39|113
2|55|44
3|151|57
3|1|174
3|71|150
5|52|116
5|160|190
2|68|4
5|133|66
1|32|136
5|131|166
5|38|83
4|154|187
4|34|26
1|167|139
2|206|46
5|92|157
5|32|79
4|128|75
4|131|182
1|160|106
3|126|1
4|24|149
4|56|83
4|181|151
2|173|50
5|171|160
3|76|10
3|149|159
3|131|136
3|65|58
2|208|14
2|28|55
5|145|59
1|72|28
4|114|35
1|225|58
4|196|54
1|112|54
5|4|73
1|151|134
3|225|166
2|132|106
2|100|172
1|109|44
3|170|72
1|27|149
1|153|94
4|156|73
5|212|17
2|127|43
2|157|149
2|3|53
2|155|188
5|225|44
3|181|37
4|19|186
5|7|23
2|144|117
1|23|25
2|20|126
2|205|90
4|146|128
2|20|2
1|85|182
1|62|84
4|206|98
5|180|94
2|12|191
4|86|64
4|175|118
1|144|75
3|146|81
3|5|92
1|49|66
2|86|2
3|155|19
1|80|106
3|214|56
3|67|6
1|154|146
5|63|2
5|44|161
2|40|42
2|52|187
3|74|195
5|43|167
5|67|195
1|139|36
4|112|191
2|38|7
3|99|143
4|212|79
4|211|169
5|28|26
1|119|64
3|199|142
3|133|168
2|42|161
4|48|94
2|83|117
1|163|125
1|186|5
2|158|80
1|85|173
4|123|62
1|116|70
5|146|53
1|25|151
1|7|179
4|40|49
4|106|42
4|207|27
3|139|106
3|178|30
2|218|38
5|39|32
5|126|4
4|110|177
4|126|65
2|25|136
4|6|176
4|118|59
5|77|69
4|150|51
1|69|114
1|108|51
3|181|58
4|86|52
5|113|115
4|164|133
4|169|198
2|169|200
1|132|136
3|179|26
1|117|47
4|2|177
5|8|14
4|72|29
3|224|33
2|104|115
2|134|45
1|162|77
2|187|60
4|13|124
3|117|103
3|100|179
5|135|142
5|136|125
1|47|126
1|149|57
1|222|36
4|127|199
4|53|55
1|183|42
4|183|2
4|19|100
5|190|58
1|200|106
1|41|160
5|120|200
2|142|16
2|204|143
3|152|91
1|16|139
1|222|107
2|30|163
3|218|105
5|219|154
2|161|1
4|136|166
3|56|139
3|69|59
3|174|126
4|57|20
1|41|140
4|195|77
2|121|107
1|71|6
3|122|29
5|104|180
2|212|175
1|14|38
5|47|137
1|209|107
1|202|81
2|111|49
3|176|126
4|135|87
5|21|193
5|61|196
1|195|170
2|120|54
5|81|127
3|140|182
3|43|182
3|118|58
5|111|186
5|134|106
1|66|29
1|105|22
5|13|50
1|135|138
4|182|109
2|68|62
5|218|118
5|199|104
2|69|123
1|176|64
5|36|132
3|74|186
2|6|188
5|86|68
4|55|24
4|62|8
2|210|16
4|220|141
5|66|73
2|186|107
3|18|14
1|195|54
1|219|133
2|132|103
1|140|142
1|181|131
1|144|38
3|210|196
4|169|81
5|31|199
2|91|76
2|186|150
5|200|188
3|117|187
2|172|15
2|34|14
3|94|75
5|152|39
2|181|62
5|179|180
2|192|139
3|72|18
2|90|49
3|97|18
4|208|156
5|79|131
5|190|39
1|178|7
2|28|124
4|86|19
4|136|166
2|40|126
3|13|167
3|34|124
4|74|84
4|139|87
4|138|93
1|61|94
3|76|56
1|221|31
4|47|24
4|134|7
3|137|69
2|207|184
2|187|143
4|88|115
2|41|124
2|162|167
4|1|45
3|128|101
2|39|150
4|70|66
4|112|85
4|1|9
4|119|162
3|39|62
5|202|127
2|139|44
1|159|112
2|193|70
2|183|130
1|70|166
1|75|146
5|34|86
4|93|1
1|161|97
1|96|31
5|141|142
4|17|186
3|84|166
4|146|195
3|15|104
3|92|4
1|65|89
2|100|131
4|136|16
4|221|180
5|40|157
3|193|125
4|137|94
2|77|164
4|87|189
4|90|107
1|140|109
5|219|43
2|122|53
3|156|176
2|113|139
4|62|165
5|89|200
5|44|83
1|26|145
2|144|83
4|35|28
2|96|55
2|105|33
4|95|193
5|84|170
2|158|20
4|122|154
4|41|116
2|120|10
2|23|193
5|185|52
3|44|76
1|28|147
5|159|110
5|149|150
5|161|64
2|102|154
5|48|6
5|149|80
2|90|133
4|120|99
5|37|148
3|206|45
3|11|185
1|84|44
5|28|53
5|45|175
4|199|191
5|175|31
5|144|106
2|136|125
5|130|79
1|43|134
1|222|95
5|54|112
4|208|142
4|77|140
4|124|70
3|3|13
1|92|115
1|178|97
1|109|185
3|171|124
3|127|3
1|12|158
4|55|85
5|196|89
3|143|74
4|125|83
5|180|200
1|29|80
2|112|172
5|168|112
5|66|140
1|131|61
5|124|95
1|21|54
1|183|133
3|118|194
3|168|70
3|56|150
1|138|116
1|143|86
1|175|189
5|47|98
3|72|31
5|84|85
4|166|121
3|67|72
4|13|86
1|31|83
3|90|22
2|177|151
1|179|51
2|178|142
4|22|85
4|28|21
3|145|136
5|211|23
4|118|155
1|182|146
1|132|162
5|44|200
1|180|104
4|22|25
5|127|130
3|4|95
5|84|159
1|209|195
3|190|134
4|105|81
3|194|161
1|87|68
5|218|9
4|123|42
4|88|85
2|28|137
1|208|133
1|200|199
5|211|87
5|63|2
4|216|107
5|45|33
1|76|107
2|67|46
1|137|154
2|167|46
1|96|100
3|149|53
5|191|1
1|155|135
1|127|197
3|9|26
3|117|48
5|195|86
2|203|30
1|191|154
3|93|101
2|21|79
2|225|15
3|43|33
5|136|50
4|4|53
1|17|12
4|210|40
4|29|29
3|85|84
4|73|191
3|41|47
3|101|92
1|27|80
1|76|122
5|201|51
4|15|52
4|198|83
5|125|122
5|188|97
4|107|128
5|172|8
4|20|194
3|98|110
5|90|175
2|68|66
3|221|36
4|183|109
1|170|61
4|85|32
2|81|30
3|190|120
5|163|139
3|13|189
1|106|150
4|220|97
2|5|99
2|100|24
1|155|63
2|57|60
3|207|148
3|155|149
1|118|52
1|220|127
5|46|10
4|190|165
1|142|100
5|51|10
1|206|66
5|46|160
4|91|17
2|67|135
1|191|132
3|19|171
1|206|59
3|65|17
5|70|147
1|222|36
2|93|146
3|132|177
4|135|52
4|169|180
5|195|1
3|76|21
3|97|180
4|183|91
5|143|147
5|20|101
3|102|122
5|20|187
5|128|163
5|119|126
4|140|121
1|72|66
4|221|187
4|94|28
2|70|83
5|44|46
4|203|73
3|53|180
3|97|2
1|10|3
2|95|74
4|157|173
5|48|26
4|96|78
5|25|78
3|106|127
2|74|184
5|20|28
1|144|66
1|24|141
5|210|32
4|72|34
5|58|20
5|45|163
3|124|63
5|46|124
2|64|21
4|121|199
2|35|200
3|204|78
1|177|104
2|77|162
2|76|36
5|191|146
1|54|110
3|68|42
3|35|146
5|36|106
4|156|179
1|211|131
4|59|66
1|13|16
5|202|31
2|187|192
1|11|167
4|6|44
4|182|164
5|5|169
1|85|89
1|11|69
4|57|132
5|76|172
1|159|93
5|2|109
5|155|99
1|119|13
2|190|144
4|27|191
2|41|107
3|11|199
1|173|189
3|103|174
5|37|8
2|217|12
1|190|112
3|220|87
1|13|182
4|22|153
3|28|144
4|179|98
5|140|49
3|2|34
3|175|143
1|39|24
3|158|111
4|43|101
1|26|55
4|142|28
5|197|9
1|56|17
3|159|76
4|169|145
2|92|114
3|198|89
5|95|148
5|92|117
2|191|19
1|39|165
5|2|178
4|57|56
4|82|171
4|75|12
2|49|95
3|95|136
2|20|126
5|189|35
1|183|52
5|158|56
4|103|128
3|109|135
5|212|118
1|30|148
2|19|81
2|162|39
3|154|22
5|77|51
4|93|53
4|29|187
5|67|146
4|99|124
4|66|67
1|22|64
4|189|128
1|24|83
5|46|193
4|109|194
5|177|192
1|114|149
3|124|158
2|211|166
2|169|42
5|221|28
1|112|101
4|42|65
4|150|174
2|197|10
5|218|200
3|22|121
4|219|194
2|225|161
4|31|79
3|83|118
3|33|3
1|190|15
4|59|157
2|82|64
2|162|65
3|6|127
5|120|85
2|168|28
2|198|16
3|51|47
2|200|164
5|215|85
3|80|182
2|192|132
3|175|115
1|77|145
5|5|16
2|9|3
2|78|105
4|95|141
2|210|77
1|120|129
1|212|164
5|192|151
4|30|40
4|58|186
1|116|115
5|12|173
3|65|177
1|130|159
3|30|115
5|181|93
5|46|108
1|22|75
3|79|190
4|41|56
1|210|6
5|196|44
5|192|189
5|63|79
1|22|5
2|196|31
5|118|189
3|97|129
2|39|192
1|110|185
5|146|185
2|132|57
1|57|112
5|161|73
1|148|19
3|66|121
1|187|4
1|2|171
2|76|13
5|194|110
2|200|115
2|27|198
1|214|47
4|97|37
2|13|181
1|181|139
3|70|7
5|119|49
2|20|128
2|155|72
5|12|124
5|79|159
4|122|18
4|180|110
3|69|103
5|124|131
1|11|5
4|56|193
4|120|180
1|183|200
3|147|26
2|48|118
1|153|50
3|138|20
3|9|64
1|66|183
3|181|139
2|165|80
4|70|25
1|87|179
5|118|69
5|57|106
4|62|156
3|92|111
5|76|95
3|190|46
1|17|128
3|182|121
1|118|39
2|186|183
1|163|148
4|117|3
4|6|154
1|172|23
5|145|157
4|44|39
2|65|11
2|178|128
1|179|169
1|93|181
3|137|93
2|28|178
4|188|170
4|58|28
2|163|181
4|85|163
4|200|55
1|183|59
2|219|7
5|128|173
5|58|122
4|174|117
2|82|64
2|100|148
4|163|88
3|10|1
1|66|163
2|54|155
5|205|18
1|24|88
4|109|2
5|120|39
1|104|135
2|78|47
4|185|36
3|49|193
3|182|183
3|201|35
1|26|56
5|131|151
5|104|132
2|141|17
3|190|189
5|86|178
2|105|82
1|85|120
3|200|185
2|219|147
4|84|124
2|174|57
2|158|160
3|42|47
1|116|104
2|15|125
1|48|80
4|69|91
1|105|133
5|89|101
1|221|74
1|197|125
3|203|21
1|96|18
1|8|48
1|140|11
2|99|65
4|39|176
2|51|29
4|23|166
1|64|100
3|42|44
4|219|18
3|210|161
5|116|139
3|69|140
5|17|75
1|16|70
4|58|28
2|114|196
2|187|188
2|196|141
4|27|149
1|102|133
4|150|176
4|21|45
1|128|138
3|72|118
3|13|42
2|45|97
5|217|87
1|120|78
5|47|130
3|221|77
4|211|147
5|31|159
3|92|169
3|14|171
1|211|116
1|125|164
3|39|47
5|144|197
3|28|97
3|86|66
3|152|136
4|103|140
5|63|175
4|134|188
3|180|167
1|47|28
4|102|81
3|217|152
3|73|43
2|22|17
2|99|108
2|182|48
4|164|72
3|91|140
4|177|55
4|2|115
4|30|190
4|12|188
4|121|188
4|116|179
4|126|26
3|50|173
4|55|136
5|20|19
3|113|200
1|41|51
3|204|63
4|52|52
5|55|88
3|162|163
1|166|144
3|113|128
2|35|157
2|115|135
4|199|150
4|114|125
4|209|6
2|18|153
3|140|18
4|42|56
2|61|109
2|40|159
5|6|110
5|95|39
3|66|191
2|158|133
4|76|172
5|21|63
1|143|112
5|129|193
2|169|89
5|138|145
1|44|43
4|167|112
5|21|190
5|196|43
4|224|111
3|105|28
1|122|174
3|96|65
3|206|128
4|25|105
4|204|17
5|169|189
4|224|169
5|96|16
3|204|164
2|64|126
4|47|8
3|51|67
3|156|5
4|17|196
3|176|177
2|159|180
2|98|124
4|9|169
4|188|184
3|31|61
4|182|65
4|50|61
3|30|61
5|37|27
4|102|158
1|138|199
3|52|14
4|159|190
2|196|146
2|147|159
3|164|152
3|198|104
3|114|75
1|43|118
5|72|149
2|44|136
3|150|64
5|143|84
4|22|140
1|3|159
1|128|166
2|130|137
2|67|168
4|47|181
4|40|79
3|81|198
4|42|8
1|175|49
4|224|56
1|156|165
5|15|158
4|61|108
2|2|51
2|187|47
5|184|199
2|189|126
1|128|113
2|185|16
4|30|11
2|89|98
4|59|101
1|181|79
2|211|31
4|79|184
4|79|158
1|117|17
1|214|10
4|111|74
2|104|102
4|186|194
3|104|90
4|223|166
5|59|127
2|70|174
3|75|54
4|206|62
2|119|37
5|42|29
5|93|187
1|109|137
4|117|9
5|70|196
3|94|68
2|145|73
4|162|6
5|88|127
2|162|154
4|101|96
1|181|80
1|61|125
2|6|48
3|66|27
3|215|64
4|63|167
5|151|164
3|71|31
4|182|189
3|155|16
4|195|104
4|216|17
1|182|69
2|138|136
2|172|2
2|181|40
5|151|120
2|47|139
2|106|108
5|72|104
1|218|26
3|28|58
3|72|3
2|77|163
1|105|135
3|62|86
4|185|26
4|102|195
2|211|43
4|110|173
2|37|50
2|107|51
3|216|10
4|91|103
3|66|157
4|196|28
1|126|116
1|160|150
3|103|39
5|173|187
1|74|141
4|182|33
3|178|119
1|39|76
1|186|90
3|190|4
5|186|21
3|145|88
3|24|176
5|88|68
4|214|149
3|61|127
1|113|70
5|84|155
5|41|111
1|127|190
2|152|134
2|64|65
2|141|30
2|86|33
2|15|23
3|15|88
4|10|58
3|52|61
3|10|106
4|158|189
3|132|168
1|125|88
2|162|53
4|59|121
3|25|164
4|201|145
2|88|64
3|119|183
3|86|136
5|163|41
1|176|80
4|104|39
5|117|108
3|187|119
2|87|67
1|17|183
4|158|41
1|37|63
5|100|156
3|77|105
1|85|121
3|109|154
3|174|89
4|13|109
4|135|110
5|183|42
3|203|175
2|82|74
2|225|176
2|95|81
1|179|48
4|195|98
3|62|13
4|223|47
4|206|47
5|146|108
3|8|29
3|189|101
1|139|128
2|213|44
4|86|117
2|218|78
5|174|77
4|14|99
1|29|134
1|197|175
1|14|8
3|153|79
2|186|180
2|32|113
3|174|88
2|71|131
4|76|163
2|3|19
2|72|189
3|205|96
1|108|81
5|4|16
5|90|179
1|87|46
1|121|192
2|84|173
4|23|22
1|61|141
1|126|22
1|217|56
4|51|111
4|85|46
5|106|157
2|142|109
2|93|165
5|206|62
5|185|60
1|129|143
4|45|48
5|93|177
4|39|155
2|75|196
2|204|115
1|216|56
5|73|85
1|216|160
1|173|199
1|22|109
5|123|25
2|61|66
4|158|68
4|183|104
3|180|90
5|159|133
1|135|163
5|196|146
2|2|189
3|35|83
1|156|42
2|6|153
2|198|53
5|137|9
5|45|171
5|46|107
4|76|16
3|188|82
5|136|87
5|55|73
5|46|55
3|92|5
5|45|143
1|46|27
5|19|66
4|197|59
5|21|43
4|162|77
5|184|179
4|16|57
2|22|171
5|5|185
3|140|74
5|224|106
3|189|118
3|72|113
3|62|150
5|12|108
2|157|173
2|104|8
5|133|198
5|200|124
5|171|177
4|211|68
3|104|111
3|76|189
5|14|104
3|20|133
5|190|52
4|161|184
1|157|104
3|24|174
4|86|175
4|103|141
5|39|101
2|174|188
2|88|175
2|222|107
5|187|103
3|137|137
1|200|3
5|133|34
2|184|56
2|91|180
3|58|87
4|77|108
2|214|100
5|79|191
5|201|41
4|166|84
3|202|145
4|20|189
2|117|102
1|82|149
4|116|189
4|202|184
4|63|188
5|186|11
4|212|152
4|98|136
4|89|99
1|156|198
5|37|101
1|206|20
2|38|84
1|57|52
5|44|177
4|84|135
4|151|14
3|62|51
5|138|98
1|173|16
5|65|168
2|194|112
4|127|110
2|170|57
5|71|136
1|108|73
4|129|127
5|69|74
2|77|80
3|103|199
3|105|63
3|34|191
2|192|181
3|122|136
3|200|1
3|99|169
3|209|52
2|163|119
1|122|111
3|191|102
4|37|14
3|203|104
3|136|164
5|111|136
3|35|49
1|215|98
2|184|160
5|212|29
3|201|46
3|152|196
1|194|44
3|58|90
4|209|128
2|191|130
5|162|8
1|113|189
4|109|79
2|51|20
5|71|75
2|145|54
5|138|195
5|172|75
3|183|22
5|174|114
3|88|29
4|223|117
1|55|83
4|95|132
2|147|136
2|130|91
3|105|93
2|123|15
3|15|149
3|160|42
5|216|121
2|37|199
4|40|154
5|20|83
1|6|198
5|25|150
2|57|150
3|192|168
3|95|89
3|115|177
4|154|22
4|49|100
3|92|4
3|166|7
3|97|55
1|105|134
2|99|179
2|75|17
1|97|24
4|199|40
5|186|71
1|143|29
4|1|48
5|7|105
4|66|60
4|133|88
1|160|194
3|64|102
1|105|135
4|203|103
3|219|33
4|85|142
4|179|116
4|38|83
4|99|77
2|117|148
2|32|154
2|88|180
2|165|5
4|201|9
5|186|165
3|29|30
2|25|180
2|221|200
5|123|179
5|117|168
3|22|158
4|154|3
1|2|84
1|219|118
1|13|199
1|182|163
2|119|36
5|170|35
3|216|52
4|200|91
5|7|165
2|209|34
3|181|164
4|122|186
3|151|153
3|92|127
5|18|30
4|44|180
5|70|198
1|3|45
2|122|37
4|66|104
5|116|177
3|45|76
1|68|61
1|214|48
2|159|66
2|131|145
5|15|178
5|183|139
2|221|114
2|45|88
1|46|147
4|14|63
4|213|130
4|107|193
1|42|132
4|15|69
3|137|43
5|198|59
4|222|139
4|40|186
5|51|95
1|172|143
3|137|87
1|176|74
4|170|109
5|64|37
4|102|165
3|196|53
3|216|172
5|38|89
3|136|116
3|127|116
4|28|127
2|224|57
4|222|156
1|125|26
1|219|140
1|166|99
4|197|140
5|42|33
5|22|124
4|212|92
3|91|150
2|12|72
1|128|36
2|125|89
2|83|54
3|147|49
2|195|133
2|155|172
5|83|158
3|39|107
3|168|184
5|146|33
3|134|168
2|122|158
2|142|142
2|74|77
4|224|178
1|41|124
3|52|180
1|205|35
4|26|50
2|42|106
4|97|31
3|215|52
4|114|195
1|8|33
3|115|47
2|95|142
2|125|155
5|57|29
5|180|58
2|110|72
2|120|1
5|77|91
3|171|194
1|159|122
4|38|14
4|169|46
2|8|164
2|34|28
4|60|47
4|211|23
3|30|105
5|160|3
2|2|192
4|164|50
2|67|5
3|194|195
4|90|109
3|32|53
5|156|126
4|83|171
3|102|4
3|38|110
3|5|122
4|158|140
1|46|196
4|82|183
3|91|103
3|147|130
4|205|2
2|41|25
2|66|101
5|220|81
5|61|108
2|211|27
2|125|57
2|158|66
2|217|108
5|5|98
3|112|183
5|85|146
3|160|36
2|176|113
4|128|51
2|219|95
1|224|75
1|33|156
4|34|179
5|11|149
3|91|100
4|140|57
3|188|117
4|125|88
4|213|69
4|86|57
5|35|44
2|121|20
3|18|59
3|105|182
5|4|196
2|207|173
5|147|104
2|152|8
1|225|143
3|143|77
1|130|141
1|42|115
3|25|182
5|19|51
1|217|140
2|164|101
5|180|131
5|137|66
3|221|45
4|3|75
3|113|9
1|189|15
2|100|149
1|86|193
5|174|31
5|98|89
2|136|106
5|95|130
5|38|26
5|178|173
5|151|100
5|219|79
3|73|173
4|13|77
1|63|156
3|135|22
4|200|94
2|2|68
2|113|53
5|91|111
5|66|13
1|11|96
1|221|129
3|60|144
2|186|83
5|31|73
5|26|128
2|77|51
2|196|133
1|15|114
3|72|100
3|196|181
2|163|162
3|140|31
2|172|160
3|222|113
1|42|102
5|67|136
3|65|71
2|113|152
4|195|4
2|55|22
1|130|193
3|71|25
4|200|184
4|77|153
3|47|90
5|197|36
1|181|76
3|193|16
3|43|169
1|99|134
1|56|12
4|20|179
2|209|41
1|120|180
5|23|75
3|118|86
4|41|91
3|46|67
4|126|55
4|38|124
1|52|56
2|191|52
5|194|177
5|8|197
2|52|89
1|32|188
1|19|123
4|134|190
1|165|8
1|159|164
2|43|161
2|15|170
2|108|70
1|97|71
1|46|194
4|114|104
2|88|186
5|179|194
2|131|5
3|47|18
3|222|144
2|27|34
5|13|166
2|131|194
4|203|176
1|97|181
5|56|182
4|10|12
1|21|120
1|51|166
3|105|187
4|85|61
2|49|8
5|66|171
4|219|85
2|97|111
1|48|81
4|129|14
5|179|111
2|65|151
4|114|147
1|125|152
3|179|131
3|124|78
4|43|185
5|126|97
1|173|118
2|45|10
5|146|38
4|139|181
4|218|128
2|108|155
4|138|187
5|164|178
5|158|197
3|151|62
5|171|112
2|86|114
1|106|196
3|190|60
3|14|110
1|33|91
1|111|6
1|137|70
5|145|131
3|184|81
1|142|123
4|172|65
4|141|10
5|105|159
3|172|161
3|190|171
3|171|80
2|20|23
5|41|19
4|33|109
4|30|64
1|100|103
1|212|65
5|30|138
4|128|199
2|209|116
4|24|200
2|58|180
4|136|100
2|152|189
1|138|65
3|209|95
2|146|190
4|65|162
1|213|168
4|111|104
5|52|131
1|220|88
2|192|40
5|105|136
4|45|24
5|42|28
2|210|184
4|60|97
2|78|61
1|132|55
3|60|22
1|66|49
5|195|73
2|222|97
3|63|60
1|68|11
5|171|23
2|184|77
3|77|100
1|114|147
2|82|150
5|167|186
1|2|31
1|158|166
3|149|39
3|195|2
1|86|156
3|26|59
1|122|104
3|148|170
5|103|20
5|64|45
3|150|17
5|134|172
2|42|197
5|87|148
2|118|147
3|58|198
3|122|165
1|133|67
5|112|32
4|103|160
2|45|45
1|209|81
5|31|183
5|102|104
2|85|41
3|37|167
2|59|172
4|99|36
1|210|50
2|124|194
1|153|54
4|70|153
4|189|92
3|172|186
5|71|156
5|181|5
5|134|95
3|186|67
3|217|186
4|58|100
4|67|103
5|66|103
1|80|107
5|101|89
1|153|147
2|36|62
4|213|28
4|34|2
1|152|29
1|15|120
1|31|55
1|42|123
2|126|7
3|133|48
3|110|163
1|98|128
5|57|114
5|10|96
4|5|23
2|185|146
3|217|48
1|205|135
5|71|109
1|87|49
5|136|183
5|12|63
2|155|122
4|102|75
5|12|148
4|10|174
4|91|107
2|131|89
5|111|11
3|7|113
4|94|27
4|6|62
4|27|155
4|161|114
2|146|198
1|119|68
4|204|62
3|79|155
4|163|167
2|88|144
5|109|118
2|18|65
5|207|67
1|63|9
3|220|65
1|179|15
3|23|14
3|100|130
2|5|118
1|124|184
2|214|192
1|199|78
1|153|88
4|157|132
2|12|116
4|108|36
1|213|69
4|96|11
5|118|164
2|41|8
2|122|108
2|88|173
4|189|179
2|71|58
1|222|154
2|128|172
2|117|51
4|54|149
2|177|136
1|156|19
5|71|104
3|44|140
2|121|97
2|86|190
3|199|90
5|38|61
5|32|69
1|56|117
1|189|162
3|113|23
2|104|196
1|209|124
2|114|124
4|110|90
2|10|39
5|28|141
1|205|100
5|134|182
3|163|180
3|219|122
4|128|84
5|12|17
1|123|10
3|126|82
3|173|197
1|81|62
2|75|145
4|195|171
2|208|122
2|222|85
5|112|157
3|45|129
5|67|166
2|213|3
5|70|57
1|113|130
1|64|154
2|20|146
2|29|119
3|213|162
3|58|103
5|48|64
2|7|22
4|166|116
5|64|71
3|137|7
3|170|39
3|77|198
5|124|136
3|156|59
1|152|29
5|132|107
2|175|156
2|70|92
3|70|1
1|142|137
5|164|182
3|196|56
1|170|132
2|37|127
3|175|32
3|221|78
1|203|78
2|166|190
5|23|116
2|170|119
3|124|119
2|118|89
3|173|159
4|28|162
3|166|7
2|165|138
2|19|139
5|49|121
2|11|95
5|7|94
1|24|159
1|218|25
2|168|23
2|168|140
1|210|48
3|167|123
1|30|141
3|205|25
2|111|106
2|50|62
5|153|139
1|52|23
4|211|128
1|43|66
3|16|72
3|129|7
1|106|132
5|155|35
5|146|32
1|123|102
1|129|58
4|36|138
1|110|189
1|192|140
3|207|173
2|84|134
4|120|107
4|21|66
1|126|48
2|212|196
2|30|148
1|35|115
2|216|123
2|156|196
1|37|31
5|5|167
4|93|26
3|46|92
1|111|133
4|133|6
2|40|66
2|207|169
5|54|162
5|171|16
1|12|82
3|78|87
1|78|90
4|38|136
5|176|123
2|107|148
2|8|101
4|91|17
4|101|197
3|38|130
3|206|59
1|85|2
2|44|131
1|88|42
4|145|142
3|24|82
2|184|53
3|18|196
1|166|59
4|146|183
2|15|28
2|122|76
5|107|95
2|212|195
3|157|24
2|89|145
4|35|54
1|130|100
5|188|162
2|115|54
2|165|176
3|185|76
1|159|139
4|2|183
2|58|90
3|177|40
2|76|8
5|111|196
5|207|34
5|80|104
4|103|117
4|199|166
3|203|5
1|210|7
2|178|125
5|211|138
4|3|105
5|179|5
1|133|39
4|20|52
4|27|152
4|10|153
2|33|138
2|2|107
3|78|78
4|179|149
3|142|87
3|2|162
4|143|134
2|53|178
3|56|23
4|42|36
3|54|56
3|143|79
1|129|140
5|60|91
1|213|184
2|215|152
2|97|72
2|124|166
5|193|181
5|41|138
1|54|119
2|193|48
2|116|185
1|206|65
2|202|159
3|198|124
4|24|126
3|188|124
5|53|93
2|112|50
2|26|31
5|170|139
4|206|33
1|6|27
4|53|9
1|140|115
1|13|142
2|183|166
2|46|131
5|92|86
4|104|8
4|109|22
3|128|125
4|151|164
4|94|190
3|68|149
5|187|29
4|215|50
3|188|40
2|40|79
3|14|194
5|86|132
2|54|83
3|186|113
4|101|56
4|30|15
1|183|199
2|212|165
4|119|93
2|42|28
4|125|131
4|156|158
2|105|24
2|51|7
1|105|129
1|59|51
4|200|192
3|45|58
3|169|90
4|148|122
2|147|196
1|131|142
2|103|114
4|210|75
4|176|193
5|62|156
1|172|134
2|223|74
4|89|14
1|180|76
1|37|3
5|122|121
1|214|156
5|97|73
2|198|22
4|18|154
5|93|97
3|98|4
5|120|127
2|14|27
4|104|98
2|31|21
5|149|170
5|189|51
2|122|144
1|134|140
2|171|61
5|215|122
1|187|33
3|222|20
1|63|16
3|154|144
2|89|141
5|205|129
1|169|178
5|34|84
1|16|92
3|124|61
4|133|61
2|116|143
2|80|162
3|183|49
4|33|111
4|149|146
3|108|86
4|129|115
2|154|89
4|33|117
3|129|29
1|220|2
5|40|33
3|35|25
5|100|133
4|51|21
5|220|173
4|14|78
3|66|105
4|68|14
5|125|118
4|23|108
4|89|21
3|107|53
2|177|180
3|120|96
2|182|147
1|105|140
5|187|113
1|116|15
4|126|148
4|193|180
5|135|90
1|52|115
1|49|67
3|81|120
1|200|158
1|178|152
1|34|176
1|212|84
5|188|69
2|89|129
4|3|92
2|69|165
4|73|118
1|211|148
1|129|57
1|115|135
1|45|66
2|113|66
2|14|16
4|136|4
1|180|180
5|54|62
3|152|151
5|176|144
3|64|64
1|217|10
4|6|15
5|221|200
1|170|109
3|157|110
5|23|181
2|11|62
4|142|48
5|140|111
5|115|196
3|54|16
5|135|74
5|118|68
3|13|67
3|26|59
2|187|2
5|99|177
2|95|97
5|5|75
1|142|32
2|195|101
5|116|146
5|98|47
2|212|38
4|153|153
1|124|143
5|201|159
4|38|73
1|118|198
1|123|1
1|101|119
5|207|148
2|57|141
5|66|62
1|104|85
5|206|127
1|187|164
5|52|155
4|164|152
3|166|110
2|97|42
5|77|133
4|85|26
4|112|173
3|102|197
5|72|177
1|61|24
5|213|55
4|76|57
3|215|200
3|205|56
2|30|154
1|46|118
4|213|122
4|81|169
1|87|8
1|53|69
3|147|43
3|92|2
2|3|15
2|134|130
3|103|53
3|97|150
4|116|200
5|195|144
3|194|32
3|161|101
3|197|78
2|206|6
1|188|180
2|22|25
1|182|111
3|164|137
4|180|151
2|162|149
2|67|176
3|179|171
4|144|146
3|142|119
1|50|98
4|146|148
3|99|76
4|136|18
5|3|141
5|62|65
3|69|159
2|114|197
4|73|190
2|204|67
1|18|126
3|29|67
1|196|21
2|210|35
1|150|54
3|220|162
5|164|22
3|6|148
1|52|87
4|62|188
5|69|138
1|198|154
3|73|46
4|68|69
3|74|175
4|173|82
1|50|33
1|120|132
2|156|4
1|32|17
5|219|9
2|24|4
3|122|95
4|102|189
4|12|16
3|218|141
4|137|126
4|56|83
3|1|111
2|214|115
5|7|161
3|137|6
2|101|169
4|7|139
3|146|62
5|173|113
3|199|65
2|99|85
4|213|140
1|123|64
2|9|167
5|160|22
4|204|172
2|215|128
5|152|84
2|194|73
5|95|158
2|182|159
5|14|147
2|181|129
4|10|192
3|176|59
2|91|116
4|196|92
1|136|108
1|103|82
3|6|143
2|52|74
4|197|154
4|211|143
3|11|156
3|4|8
5|15|87
2|1|179
4|99|26
4|115|119
3|54|100
2|58|184
1|218|55
1|88|10
5|186|166
3|24|105
3|43|89
4|122|158
1|27|158
5|203|100
1|196|156
5|45|157
1|123|143
4|65|45
4|88|43
5|16|77
3|75|65
4|53|25
2|126|127
2|181|117
1|193|30
5|89|133
2|50|67
5|114|195
5|225|31
3|185|199
2|142|72
2|209|102
5|156|184
5|35|160
2|207|98
1|37|63
3|176|127
5|87|199
3|170|137
2|35|141
2|90|32
1|108|152
2|163|6
5|210|48
5|28|86
2|225|19
3|127|66
5|214|172
4|100|12
3|162|139
1|186|158
5|61|162
4|18|94
3|155|198
3|89|29
2|118|81
1|66|45
5|46|151
5|24|66
2|168|139
2|164|170
2|78|12
4|32|179
1|141|70
5|19|45
1|102|173
3|225|153
4|117|48
4|198|16
3|8|107
4|35|41
4|194|127
3|113|181
3|108|63
1|168|191
5|116|139
4|81|66
5|21|59
3|171|144
5|158|195
4|60|30
4|36|41
5|209|147
1|50|151
4|53|46
2|177|132
2|100|41
3|72|121
1|77|67
5|119|172
1|58|118
4|68|118
2|200|197
3|200|1
3|20|163
1|157|32
2|117|47
2|1|141
4|69|37
2|165|38
3|57|6
3|130|138
2|41|137
1|144|187
2|34|80
3|11|183
2|135|153
3|219|192
3|118|14
5|143|12
5|55|135
2|163|175
5|119|119
4|72|138
1|222|132
2|159|90
4|41|189
3|187|85
2|158|88
4|46|118
5|86|149
1|216|197
3|103|22
3|152|11
1|218|171
4|116|51
1|181|125
3|126|78
1|214|86
2|126|96
5|27|164
4|64|98
5|23|190
1|103|116
2|145|43
1|207|126
3|43|3
3|176|16
4|207|76
1|63|164
2|53|22
1|117|200
4|110|152
4|71|106
2|149|92
3|27|123
5|95|178
2|2|184
4|52|128
1|85|135
5|162|19
5|174|33
1|49|61
3|11|101
3|44|158
3|12|160
3|152|190
4|68|34
5|211|141
4|112|54
4|69|173
5|24|49
5|61|150
3|74|119
1|175|69
4|194|180
3|191|60
4|126|141
1|45|10
2|216|56
2|146|160
1|84|22
3|101|81
2|177|8
2|224|68
1|169|132
3|138|192
4|13|180
2|3|22
5|34|52
5|4|173
1|145|47
4|210|9
5|180|199
4|21|128
1|157|80
4|86|20
2|167|29
2|64|114
2|42|18
1|32|106
1|85|156
5|59|76
4|9|147
5|210|165
1|177|18
4|186|142
5|195|90
1|76|30
4|161|107
1|86|32
3|137|134
1|45|36
2|223|179
5|206|90
3|45|12
2|34|134
1|120|135
1|225|54
2|90|90
4|114|182
4|146|103
4|189|111
2|219|124
4|175|7
5|67|106
1|181|144
3|193|146
3|55|124
3|200|53
2|96|65
2|98|48
5|223|15
1|89|185
5|169|7
5|215|141
4|108|70
1|143|71
3|89|171
3|204|170
5|44|96
4|215|96
5|118|111
4|158|20
2|159|150
3|59|192
5|167|197
5|83|138
2|160|8
2|149|174
3|185|177
1|134|48
4|204|153
2|16|190
5|93|110
5|30|32
2|140|62
1|155|7
4|44|50
5|19|111
4|28|44
4|28|169
1|71|198
4|50|181
1|99|168
1|10|83
4|92|20
4|160|36
3|213|70
1|208|185
5|106|22
1|142|172
3|85|133
4|56|72
2|23|115
1|140|83
2|213|73
1|85|54
1|209|4
2|23|39
4|46|163
3|58|19
4|54|14
5|134|75
2|72|139
4|4|25
4|89|14
4|198|8
1|72|175
4|161|31
1|34|141
2|133|193
3|130|19
2|137|39
5|201|41
5|82|12
3|89|3
5|209|37
1|111|30
2|130|195
4|167|126
3|38|80
4|152|120
2|142|127
5|150|81
1|175|171
1|7|65
2|41|41
1|145|104
3|87|197
2|172|24
3|50|62
1|135|175
3|125|100
5|34|79
2|129|162
4|205|142
3|165|74
2|105|62
5|159|59
4|122|133
4|131|43
4|190|167
5|207|53
3|179|177
3|116|130
4|36|18
5|220|155
1|114|92
4|169|28
5|67|164
1|144|133
5|192|184
3|206|50
2|149|183
1|20|80
1|134|190
3|100|78
5|211|106
1|96|86
2|106|35
1|105|61
2|110|74
3|12|131
2|185|176
3|211|15
5|198|50
4|119|84
3|49|64
5|9|94
4|136|85
3|32|6
1|42|75
1|21|24
2|116|111
3|69|200
1|107|81
2|41|98
4|50|86
3|102|170
1|101|161
2|137|167
4|110|172
5|3|89
4|149|173
4|50|73
4|85|119
1|77|175
3|115|124
1|88|3
1|62|145
1|83|86
5|165|37
4|123|131
5|81|143
4|169|85
1|84|123
4|141|178
1|182|44
4|212|103
5|63|80
1|177|90
3|45|193
1|28|25
3|74|86
1|138|185
2|145|62
3|35|59
5|11|56
5|201|112
3|28|158
4|115|153
5|92|176
5|145|104
2|130|78
5|34|115
4|119|196
5|1|133
4|73|109
5|178|166
3|59|167
1|155|23
4|117|104
5|150|16
4|55|167
2|162|69
5|158|16
1|122|174
5|95|42
4|208|87
4|91|4
2|185|123
1|79|138
4|159|157
3|8|68
3|190|144
3|65|184
2|111|39
1|87|66
4|160|62
4|200|81
5|52|48
2|7|26
4|11|128
5|44|3
1|99|200
2|2|175
3|152|75
1|77|32
4|121|127
2|82|99
5|1|21
3|14|129
2|219|19
5|41|189
4|169|173
4|189|58
2|165|18
2|123|9
5|137|1
3|131|189
4|178|25
4|139|178
2|15|169
3|180|63
1|187|149
3|123|192
4|32|138
2|143|24
2|94|107
1|142|110
5|158|135
5|114|186
2|147|69
2|2|90
1|183|56
3|54|142
5|169|12
2|186|47
3|14|128
5|162|137
4|220|150
2|177|149
2|49|31
5|53|27
5|127|4
5|212|154
1|58|10
2|128|129
3|198|137
1|31|107
1|146|102
3|144|72
4|105|188
2|98|49
5|179|61
3|122|40
2|8|13
3|7|73
3|136|82
1|68|126
5|200|123
3|16|90
4|106|11
2|203|120
2|219|116
2|210|17
5|110|89
2|45|11
2|205|101
5|220|65
5|112|129
3|148|29
3|154|186
1|6|160
3|102|167
2|98|157
5|67|58
2|185|121
5|174|91
1|212|137
3|46|186
1|66|171
3|60|10
5|131|32
2|209|79
2|53|189
4|122|45
5|35|1
4|140|26
5|74|114
5|13|133
2|201|114
1|137|167
2|79|143
1|165|122
1|120|197
4|7|68
1|225|121
2|154|51
3|116|186
5|4|53
1|22|122
3|83|132
4|102|139
1|108|39
5|171|19
5|186|74
5|79|69
5|217|15
1|163|89
2|145|68
4|133|197
2|12|122
1|143|45
5|43|11
3|43|160
1|46|3
4|125|194
4|115|3
5|64|52
2|92|170
1|141|120
5|197|195
4|195|189
3|218|137
4|57|180
2|158|53
3|9|195
3|151|186
2|140|54
4|115|32
5|190|133
3|10|101
1|156|76
5|94|78
5|151|84
3|142|188
5|75|57
3|112|45
5|153|50
5|4|74
4|107|29
4|182|48
2|50|103
3|155|29
5|113|97
1|193|136
5|150|21
4|48|120
4|167|128
4|141|194
4|66|41
2|70|141
1|154|77
3|207|46
1|43|194
5|130|111
1|27|127
2|194|37
1|44|161
4|23|153
5|72|93
1|126|124
2|119|107
5|171|148
3|82|51
4|44|197
4|25|77
5|163|170
5|64|172
4|183|103
5|216|101
2|186|90
3|39|83
1|52|50
5|107|186
2|51|182
2|174|111
1|190|148
3|90|76
1|32|124
1|153|27
1|219|41
1|45|83
2|143|130
3|192|125
2|159|152
2|162|101
3|82|200
5|49|196
4|195|141
3|77|16
4|161|109
2|141|84
2|26|146
4|84|65
1|185|38
2|205|54
4|58|116
5|170|43
4|56|177
5|78|111
1|183|6
5|188|160
1|217|173
3|25|75
5|187|20
4|67|145
3|130|157
5|109|27
2|14|53
2|6|170
2|176|108
5|155|65
4|65|8
1|123|166
3|137|89
5|41|46
3|154|45
4|184|177
1|185|91
3|173|146
3|35|154
1|87|69
4|1|89
2|120|114
1|93|110
1|51|125
5|114|187
3|139|112
3|10|191
1|88|56
2|56|99
1|19|159
4|118|32
1|41|105
2|48|53
3|155|9
2|146|102
5|160|121
5|92|103
2|40|90
3|35|93
1|130|40
2|79|187
5|59|131
2|85|122
2|113|43
5|194|179
5|121|115
2|193|179
4|17|73
2|97|40
1|71|181
5|215|52
2|192|71
3|83|45
3|11|15
4|30|22
5|66|64
2|184|116
3|43|110
3|158|81
4|215|113
4|216|44
2|170|166
2|80|66
1|216|67
4|221|144
3|64|152
4|32|105
1|62|174
4|180|155
5|35|110
3|220|23
1|183|106
1|152|140
5|124|59
2|152|16
4|82|114
4|199|24
4|72|46
4|54|81
1|175|183
4|179|171
1|195|36
3|211|172
3|146|124
1|152|165
4|206|57
5|186|160
4|33|18
2|203|148
1|220|100
3|155|31
1|27|14
4|135|98
5|11|57
1|200|172
3|104|68
5|165|106
1|82|41
4|111|5
2|191|145
5|77|144
2|65|31
1|62|89
4|225|59
5|168|119
4|106|185
3|38|66
4|135|31
1|120|141
2|52|45
3|63|198
1|158|189
4|166|120
4|215|178
3|209|152
2|191|137
2|147|97
5|67|186
5|20|136
5|201|9
4|211|173
1|131|49
5|2|97
4|133|60
1|78|54
5|83|19
3|181|84
5|145|186
4|170|187
3|128|105
2|40|80
1|34|40
2|130|105
4|140|197
1|151|65
2|181|27
5|102|185
3|180|7
2|125|141
4|184|31
5|72|58
2|8|9
3|131|45
4|156|23
4|85|143
2|199|125
5|147|36
3|200|107
5|214|35
5|71|130
2|21|84
5|91|192
2|112|166
1|75|7
5|18|144
2|190|6
1|125|137
4|203|82
4|183|187
3|86|69
5|33|108
5|8|129
5|203|130
3|144|191
2|88|76
3|224|153
5|15|34
3|22|89
1|18|108
5|147|186
1|220|104
5|138|135
5|21|166
3|80|146
4|187|55
2|15|109
5|213|84
5|44|198
2|131|10
2|61|151
1|72|31
5|21|89
1|191|119
1|44|130
3|199|6
1|165|199
5|105|29
4|196|32
3|176|159
4|39|33
2|94|106
2|59|15
5|145|83
1|182|33
3|63|5
4|179|4
5|11|54
5|50|103
1|178|133
2|182|155
1|131|147
2|10|21
2|181|156
1|4|185
1|224|12
5|194|23
2|51|78
1|76|124
3|102|107
2|29|28
1|111|44
2|163|137
4|3|96
1|172|124
2|182|174
2|145|106
2|200|112
5|9|104
3|195|93
2|140|58
5|35|117
5|170|69
2|106|34
4|24|145
3|175|92
5|68|23
4|72|48
5|115|134
5|181|173
5|23|30
1|47|170
2|183|117
2|152|24
2|89|56
4|207|96
4|75|94
4|115|56
1|45|121
5|49|121
4|101|48
4|222|183
4|93|131
1|89|130
3|49|46
2|54|176
4|198|95
4|96|145
1|52|66
3|133|159
5|174|138
1|55|98
2|126|177
2|76|88
1|149|32
5|50|81
2|52|192
3|152|7
4|160|152
3|129|3
3|65|11
4|59|93
1|49|1
5|194|16
4|79|66
1|58|72
2|80|12
2|177|145
4|199|143
4|201|82
5|132|77
2|105|60
4|28|180
3|187|23
5|91|9
1|113|114
1|72|155
4|130|15
2|64|70
4|109|102
1|224|68
4|177|107
1|131|17
3|11|87
2|219|162
4|152|102
2|131|138
5|214|9
3|137|106
5|67|146
2|160|34
3|140|177
3|122|167
4|177|99
5|206|67
3|52|103
3|36|45
4|174|83
4|124|15
3|68|70
3|219|64
1|104|117
3|71|126
5|25|159
2|175|178
4|152|113
3|117|181
3|115|50
1|203|156
5|205|193
4|127|34
1|74|133
2|222|140
4|18|193
3|66|86
1|28|174
2|214|183
5|48|185
5|124|166
1|155|40
1|86|53
1|159|134
1|37|169
3|78|171
2|86|18
2|143|77
3|124|112
3|41|34
5|217|63
5|60|55
2|47|34
1|118|119
3|149|15
2|83|48
2|106|43
2|11|46
2|181|100
5|81|133
3|85|164
1|31|87
4|35|157
4|217|86
4|33|4
3|190|120
3|133|164
1|104|68
1|67|124
1|190|183
2|175|70
4|154|19
3|133|133
2|201|14
3|71|189
1|207|30
1|137|54
2|164|33
1|212|160
2|7|25
2|224|97
5|201|149
3|147|109
1|95|76
5|138|69
5|106|124
2|139|172
3|61|36
3|28|119
4|48|129
1|160|167
1|105|107
1|21|123
2|189|123
1|198|2
1|222|154
3|78|11
4|60|134
1|115|94
1|190|89
5|109|101
4|183|146
2|221|55
5|2|49
1|217|98
2|128|188
1|207|87
5|33|120
5|3|190
2|150|135
2|137|10
5|89|48
4|93|82
4|74|46
2|181|113
2|33|121
2|76|168
5|145|135
2|24|173
4|60|157
1|114|49
1|81|6
5|154|190
3|13|24
1|39|143
5|75|36
1|201|148
5|208|72
4|129|98
5|220|142
4|108|59
5|2|15
3|138|120
4|109|21
5|82|36
3|52|9
2|119|158
2|219|53
3|73|187
2|76|162
5|107|11
3|4|59
2|111|123
2|92|176
2|41|83
1|186|9
1|143|81
1|8|8
4|3|3
3|53|81
4|1|159
4|185|71
2|213|22
2|93|139
2|46|137
3|50|39
5|167|30
3|42|17
1|11|183
4|90|195
2|209|34
4|178|61
3|86|68
1|116|92
1|64|166
4|191|81
3|128|77
5|148|45
4|224|88
1|128|156
2|204|104
1|16|51
4|112|11
1|117|149
1|31|174
3|85|37
3|90|59
1|60|96
3|69|153
2|139|193
5|225|122
3|94|80
4|183|98
2|127|64
2|70|69
2|195|63
3|69|95
3|132|4
5|163|88
4|163|59
2|79|47
2|199|69
3|203|108
5|20|165
2|84|167
2|62|100
3|166|11
2|191|42
1|222|74
5|88|175
2|201|7
5|27|43
5|51|117
5|199|72
3|43|191
1|194|39
1|90|54
4|102|171
1|143|23
1|170|9
2|45|58
1|26|45
2|83|25
2|220|115
3|213|138
4|153|179
5|184|30
5|75|107
4|186|179
3|46|197
3|62|30
5|156|94
1|213|190
5|26|186
1|221|100
4|66|26
4|7|33
5|110|186
1|165|121
5|183|137
2|204|91
3|203|37
4|103|119
3|158|164
3|75|62
5|104|93
5|9|45
3|134|140
3|70|9
2|9|128
2|198|88
4|163|152
3|116|140
5|13|47
1|165|139
5|197|23
5|206|129
3|82|131
4|110|169
2|179|161
5|126|141
4|116|176
2|180|59
3|67|133
1|137|91
5|65|94
2|154|44
5|32|159
2|145|121
3|107|95
3|70|47
3|148|78
1|215|191
1|91|17
4|153|84
3|123|105
2|16|152
5|44|24
3|219|65
1|117|115
2|136|70
4|202|11
2|161|70
4|196|19
4|13|184
3|188|190
2|26|30
4|1|165
3|16|58
5|31|96
1|14|93
3|126|159
3|150|148
4|224|100
1|107|68
1|178|16
2|163|122
2|29|14
1|74|49
1|19|75
5|65|105
3|167|14
5|163|155
1|193|194
3|208|196
2|169|97
2|64|178
2|153|109
1|140|184
1|150|102
1|86|24
5|192|19
5|42|22
3|30|168
3|135|104
4|10|169
5|149|149
2|138|182
1|202|47
3|202|192
5|187|16
2|177|82
1|21|5
2|218|128
3|21|195
4|61|113
2|54|171
4|23|109
2|209|173
1|82|161
1|6|46
2|47|145
2|137|139
4|201|136
1|148|8
5|166|123
3|215|50
1|98|167
3|73|92
2|80|191
5|90|131
4|171|110
5|199|89
4|191|174
2|28|127
5|135|33
2|31|41
5|85|125
5|127|99
1|110|119
5|83|66
5|138|174
4|69|170
4|113|84
5|78|9
3|163|175
4|173|119
4|171|46
4|60|19
1|73|131
4|200|70
4|149|52
2|27|62
3|166|198
5|155|121
1|23|56
2|192|57
3|225|29
2|26|69
3|8|83
1|179|195
1|123|6
4|15|125
2|190|5
1|155|130
4|91|137
2|172|146
3|99|155
5|63|153
2|224|20
5|95|75
4|67|133
2|49|75
1|184|57
3|183|184
3|165|152
2|161|198
5|197|105
1|59|7
2|208|13
1|223|88
4|214|113
2|44|102
1|2|17
3|16|8
4|129|30
1|204|24
2|115|47
4|141|29
3|32|198
3|206|183
4|142|3
1|205|189
4|39|135
2|105|72
4|25|127
2|46|148
2|177|164
4|205|169
1|13|139
2|217|128
1|130|4
4|220|184
4|14|150
1|124|197
2|148|154
1|148|151
4|188|104
5|39|92
1|75|125
4|2|136
2|196|166
4|110|5
1|200|133
5|76|76
2|76|139
4|176|19
5|166|67
3|5|41
1|88|42
1|166|162
5|188|86
2|198|111
1|133|139
4|108|88
3|89|38
2|159|191
4|91|94
3|139|23
1|218|198
5|99|25
4|225|193
2|183|156
3|91|178
3|130|111
2|63|184
4|214|103
3|221|40
1|88|98
5|42|129
2|181|184
1|116|54
4|209|29
5|31|152
1|18|5
5|106|118
2|135|50
1|58|162
3|50|177
2|214|58
2|31|8
5|195|100
3|174|83
3|172|17
3|1|100
3|103|61
1|2|176
1|22|104
5|49|17
3|93|165
3|156|95
5|56|1
4|27|17
4|189|48
1|108|182
2|125|190
1|122|116
5|126|22
2|112|36
4|154|62
5|206|45
4|95|122
1|146|107
1|12|8
4|97|37
3|30|31
1|131|114
5|125|20
3|130|110
3|109|50
3|181|91
2|167|45
3|85|75
1|159|132
5|193|48
2|146|65
1|41|144
1|191|112
3|127|191
2|220|103
2|132|175
5|210|62
2|40|72
5|163|124
3|119|123
3|160|69
2|200|96
1|174|127
1|39|149
2|95|147
1|38|164
4|101|24
5|63|150
2|51|157
4|223|161
3|119|101
2|77|113
5|130|97
5|161|131
5|182|87
1|51|159
2|210|165
3|36|12
2|192|34
2|180|87
5|184|177
5|196|139
4|188|110
1|215|102
5|169|5
3|16|12
2|200|92
3|206|111
5|2|98
1|151|109
1|26|27
3|94|34
4|24|134
2|108|46
5|137|87
1|87|158
1|55|37
5|197|189
5|123|63
3|115|4
1|109|86
2|12|91
4|194|196
1|198|24
1|165|31
5|159|196
2|21|172
1|143|100
1|32|149
1|96|200
3|19|180
2|99|8
2|182|147
2|51|196
4|124|125
2|19|90
1|94|122
2|61|96
2|129|104
2|50|143
4|22|11
1|180|169
2|153|125
2|45|73
3|176|176
2|150|73
4|45|177
2|202|97
3|14|173
2|23|97
2|183|169
2|177|26
4|154|60
4|225|12
3|15|164
2|169|56
2|76|194
1|98|66
3|224|135
3|115|158
3|114|121
4|11|19
2|133|166
5|103|70
3|100|103
5|33|76
4|62|178
4|23|190
1|44|12
5|155|69
3|170|128
3|91|141
1|21|186
1|29|127
5|184|150
1|113|115
1|169|83
3|222|101
2|6|73
1|157|190
2|40|55
3|15|85
5|4|122
3|155|78
3|180|60
5|136|8
1|191|119
5|106|148
5|45|136
3|84|140
2|125|16
1|147|93
2|111|172
2|54|45
4|154|27
5|199|171
2|192|8
3|221|179
1|168|186
4|45|127
5|61|114
5|142|21
5|9|156
5|51|86
5|99|20
3|114|177
5|122|21
4|137|47
2|138|9
2|162|100
4|222|19
2|61|54
5|52|85
1|223|15
2|110|89
2|36|164
1|144|58
4|189|186
1|154|148
4|152|53
2|101|3
1|183|109
1|128|161
2|189|75
2|124|22
4|184|130
4|192|103
5|131|194
3|49|197
2|199|31
1|53|134
3|67|93
4|73|168
4|106|191
5|149|155
3|50|184
3|82|197
2|28|120
5|13|46
1|212|189
5|91|133
2|224|133
5|11|119
5|142|185
2|144|45
1|38|164
2|158|91
5|11|191
5|164|99
4|155|200
4|212|156
3|58|98
4|26|87
2|213|90
1|99|179
3|5|139
5|147|88
1|33|70
5|108|176
2|84|174
2|94|8
2|128|128
2|131|80
3|2|31
5|78|175
1|46|149
2|185|200
3|144|141
3|203|180
5|224|35
5|143|134
5|197|111
4|160|32
5|40|51
1|213|70
4|143|99
1|39|73
5|224|21
4|12|110
1|97|197
5|103|131
2|166|111
3|130|29
5|83|18
4|180|101
1|47|19
3|166|53
2|212|25
4|188|126
2|128|49
5|30|10
2|130|131
3|93|147
3|203|113
3|196|189
5|209|172
4|97|78
2|130|15
2|27|190
3|138|4
2|130|123
2|47|104
2|147|31
4|24|54
1|75|98
5|103|40
1|31|49
4|65|31
2|169|5
2|177|139
5|69|14
5|176|84
5|4|50
5|172|179
2|194|165
2|184|111
5|28|187
5|178|148
1|83|110
3|215|147
5|91|50
3|138|46
1|202|97
1|48|28
3|127|119
1|84|90
3|194|175
3|15|50
4|151|124
3|43|172
4|35|72
3|190|157
1|218|101
3|61|121
1|143|56
1|163|95
4|198|120
5|1|38
1|86|89
5|208|53
3|43|32
1|74|99
4|196|190
3|150|9
4|202|139
4|71|35
2|113|72
2|178|88
5|70|110
3|107|177
3|118|172
3|205|124
1|45|112
2|207|148
2|156|60
4|148|83
5|12|151
4|75|186
5|215|69
3|67|193
4|186|188
3|147|185
4|192|50
2|188|37
5|164|143
3|121|75
5|116|35
2|60|31
4|112|127
5|46|92
2|33|148
5|208|170
1|45|98
3|154|55
5|57|151
4|155|46
4|39|183
5|126|69
5|201|37
3|6|2
4|138|143
3|20|74
2|13|112
2|35|89
5|79|59
3|79|79
5|127|83
3|106|27
3|223|25
5|186|111
1|73|50
5|66|196
1|11|66
3|152|129
1|123|168
5|170|175
4|211|139
2|59|94
1|157|127
2|27|101
4|89|71
3|59|182
3|169|108
1|71|93
2|147|11
3|208|58
4|171|99
3|171|146
5|21|110
3|33|135
4|199|81
5|93|107
4|81|159
3|151|157
2|223|133
5|44|100
1|200|5
4|213|126
1|190|111
3|73|169
3|74|165
5|57|138
4|49|47
3|195|20
5|212|189
2|108|11
4|10|5
2|59|66
4|132|30
3|119|61
4|187|126
1|27|44
2|101|112
2|61|92
1|1|13
4|181|95
1|10|114
3|4|48
2|134|57
1|113|147
3|20|172
1|100|36
4|207|137
4|39|128
5|29|168
4|196|24
2|121|152
1|213|99
5|87|190
5|85|163
2|11|169
3|204|174
2|221|70
1|166|145
3|64|30
5|73|176
4|24|116
3|75|88
4|185|182
2|37|105
1|93|187
2|116|136
3|135|47
2|163|175
2|201|49
5|120|140
3|64|137
5|139|96
5|151|62
3|78|127
1|59|111
2|205|15
4|101|86
2|148|134
1|174|98
4|96|134
3|156|167
5|221|18
1|202|83
2|45|163
4|109|49
4|142|143
2|19|15
3|167|92
1|220|116
1|116|72
2|56|64
4|189|138
1|197|146
4|199|139
4|13|50
2|119|64
5|23|61
5|207|64
1|33|175
4|56|14
3|164|151
5|183|181
4|60|93
1|207|140
5|182|30
5|35|149
5|136|192
1|32|116
2|216|59
3|205|111
4|118|18
2|109|93
2|99|143
3|167|31
4|15|129
5|30|34
3|138|57
4|53|114
2|20|57
4|93|89
3|100|46
3|99|111
2|91|62
1|207|59
3|222|92
4|10|123
2|220|165
2|58|103
4|90|15
3|96|146
5|142|102
2|28|129
3|154|125
5|62|190
3|7|148
2|189|157
4|63|27
1|85|49
1|55|145
1|81|18
2|165|23
4|10|132
4|173|65
3|15|171
5|205|49
3|217|135
1|60|88
1|64|41
5|46|57
4|164|108
1|85|71
1|38|184
3|152|114
2|63|101
1|113|77
1|95|108
3|115|158
1|213|147
3|91|19
1|27|102
2|162|48
5|112|192
2|153|38
4|99|80
3|88|164
4|5|134
1|124|97
1|199|132
3|168|67
4|215|199
1|184|160
4|142|31
4|169|139
1|213|11
2|110|196
2|57|62
4|97|65
5|219|164
4|209|19
5|47|10
4|109|155
3|197|76
2|208|86
2|150|138
1|176|89
1|194|53
4|92|2
3|123|115
1|76|67
5|125|157
5|44|105
4|40|6
2|70|181
2|125|92
5|221|123
1|138|102
5|199|24
4|48|73
5|153|28
4|105|81
3|76|89
2|209|69
3|34|21
3|98|170
1|1|13
5|97|170
3|44|99
3|176|22
1|78|87
1|158|4
2|114|197
4|89|10
3|156|56
3|209|38
4|151|103
1|171|157
5|198|116
5|14|52
1|53|29
5|183|76
1|166|21
4|79|62
3|98|180
1|164|171
5|221|189
1|164|18
2|91|47
1|65|68
3|202|69
3|224|97
1|126|102
2|106|135
4|12|59
4|15|9
5|3|84
5|73|143
3|170|183
5|197|161
4|144|173
5|121|61
2|44|135
1|32|108
5|98|142
4|4|123
5|31|170
2|203|77
4|199|128
2|218|89
3|18|97
2|160|127
4|218|164
1|189|87
2|92|108
1|224|198
2|100|84
3|122|5
1|210|174
3|52|135
3|33|60
2|162|19
3|219|146
2|201|19
1|96|85
5|135|143
2|184|175
2|142|36
5|123|130
2|168|109
3|184|190
4|222|197
3|105|133
2|15|160
2|173|29
3|99|198
4|152|78
3|144|41
1|157|162
4|19|80
3|75|49
5|159|17
5|2|122
4|38|178
1|78|22
1|161|179
2|43|168
5|70|61
5|135|89
4|30|173
1|161|146
1|88|142
5|52|200
2|69|158
2|23|112
4|61|132
4|184|173
3|66|95
5|104|66
2|123|40
4|129|3
3|34|156
3|178|171
5|122|58
1|79|55
4|92|84
1|203|172
3|103|50
2|143|6
5|74|141
2|144|153
3|109|59
3|221|7
5|52|164
3|172|18
1|90|183
1|133|97
1|158|15
3|38|28
1|202|19
3|134|85
3|211|120
4|218|199
5|8|44
1|91|118
2|69|32
2|206|116
3|56|111
4|8|170
1|30|114
1|83|108
2|170|22
5|140|164
5|83|137
2|30|172
3|79|155
1|202|166
1|154|3
3|193|157
3|116|44
1|135|12
5|125|102
1|102|134
4|19|174
3|145|59
3|131|56
5|172|77
5|160|113
5|67|187
1|176|119
2|22|5
5|152|91
3|160|101
5|140|45
3|17|12
1|96|91
3|49|51
3|22|128
2|33|34
3|123|88
5|82|29
2|67|76
3|36|124
5|25|165
2|186|199
1|83|43
5|214|48
5|217|110
5|43|139
1|143|63
3|65|56
3|85|55
2|154|148
5|119|145
5|78|103
5|126|164
5|206|169
2|155|193
4|63|145
4|52|126
5|154|95
1|203|97
4|111|16
1|38|32
3|50|169
4|64|43
1|192|42
5|6|123
1|221|100
3|106|133
5|222|151
2|174|44
2|80|60
2|106|56
5|10|43
1|78|49
4|44|141
5|221|37
4|182|165
3|114|100
5|162|196
2|155|161
1|111|117
3|23|50
5|173|118
3|39|35
3|14|139
3|52|89
2|159|87
1|81|178
5|90|87
5|158|141
5|8|56
5|134|14
4|149|44
1|208|183
3|102|121
3|152|84
4|156|192
3|174|117
1|36|160
1|142|52
3|221|167
1|223|60
5|53|185
5|159|100
1|38|118
4|174|174
1|87|198
5|134|138
1|107|66
1|69|79
2|162|47
1|181|110
5|166|49
4|6|51
2|95|44
2|206|102
4|23|142
2|20|143
2|5|111
5|138|60
2|31|97
3|69|186
5|36|21
5|194|4
5|29|9
2|167|137
4|138|89
4|22|85
3|17|125
3|181|64
5|208|189
1|22|30
2|222|122
4|222|141
2|29|155
5|158|63
1|188|98
1|110|96
1|9|46
2|16|40
3|17|162
3|53|1
4|187|95
3|163|194
2|122|29
2|22|113
2|38|112
2|123|3
4|104|82
1|73|134
3|23|66
5|48|100
2|75|129
3|134|185
2|40|25
5|106|58
3|117|120
5|147|4
5|166|153
2|179|120
5|1|195
1|193|51
3|173|14
3|24|200
5|126|93
1|207|163
4|33|183
4|62|99
4|28|103
1|161|131
2|103|149
3|18|68
5|10|80
1|115|63
3|146|119
3|16|195
3|89|193
3|192|3
5|73|188
2|127|189
4|181|177
5|136|90
1|84|188
5|125|49
4|129|145
5|90|112
1|39|176
5|130|9
5|75|192
2|142|106
2|136|56
3|55|99
4|159|50
5|149|196
1|80|79
4|137|38
5|124|83
5|10|10
5|130|155
5|150|19
3|12|13
3|41|138
2|155|33
3|204|178
3|79|37
1|157|84
5|167|122
4|165|178
2|95|153
3|191|169
4|57|44
2|65|90
3|114|82
5|110|61
4|108|89
5|78|150
1|104|72
4|9|186
1|69|179
5|2|75
2|87|144
1|8|165
1|217|142
5|95|146
4|81|38
4|212|42
2|223|91
3|40|11
4|122|54
4|202|114
3|112|94
3|25|147
5|204|14
3|56|47
3|213|73
1|196|39
5|224|139
4|133|178
2|173|74
1|20|55
1|158|43
3|100|116
5|120|5
5|203|26
5|125|114
1|191|23
2|178|51
5|115|24
3|133|171
2|58|194
3|9|99
5|16|164
3|3|100
3|199|159
4|204|61
1|95|153
4|90|179
4|174|68
2|113|87
5|206|20
2|150|127
4|38|63
1|223|39
4|67|151
1|96|35
4|225|45
5|197|4
2|13|124
3|72|163
3|218|75
2|4|151
4|151|62
3|30|35
3|202|193
5|126|39
1|122|17
1|163|123
1|59|120
1|147|154
3|20|177
2|18|153
4|38|191
1|107|151
5|97|31
2|7|200
5|213|73
3|153|46
2|133|142
4|134|183
1|89|64
1|81|23
4|219|166
5|153|12
2|63|45
4|199|61
2|34|173
3|36|182
4|184|3
2|197|88
5|12|123
4|127|84
5|196|163
5|81|114
2|100|120
5|197|17
4|24|27
3|175|11
3|16|128
4|149|175
1|215|110
4|79|187
5|207|144
1|145|158
1|122|168
4|203|29
3|46|122
5|103|58
4|219|44
3|183|178
4|84|63
5|122|158
5|47|176
1|39|82
4|200|26
5|95|126
3|213|166
2|127|43
3|217|148
4|91|170
3|183|125
2|192|137
2|22|82
1|117|43
4|16|39
4|147|46
1|196|4
5|114|195
1|115|174
5|61|22
5|187|19
5|54|105
1|41|125
5|78|190
1|207|126
1|143|68
2|55|4
3|131|194
1|113|192
1|204|196
4|177|68
3|100|11
5|26|101
4|181|109
3|41|29
4|165|22
2|75|105
4|190|66
1|33|77
5|178|20
4|58|75
5|39|1
2|196|125
4|52|59
4|2|80
5|28|83
2|208|164
2|103|4
2|96|187
4|130|187
1|98|134
2|114|62
2|88|75
1|53|17
3|83|194
1|40|139
5|8|2
5|157|18
2|155|126
1|111|1
4|77|28
2|133|179
2|157|199
5|163|16
1|177|141
2|61|169
4|178|200
5|138|140
1|17|157
5|73|91
5|66|143
2|101|2
3|156|170
1|73|91
2|144|168
3|188|129
2|45|126
4|122|33
2|37|123
2|145|22
4|168|19
4|145|9
2|54|29
5|208|193
3|203|16
5|21|145
5|35|92
3|46|60
1|204|66
4|149|50
4|84|97
1|30|196
4|160|170
3|109|107
3|126|78
4|87|107
3|207|152
4|5|19
5|90|131
3|140|105
2|14|114
3|205|37
4|26|172
1|164|107
3|142|110
3|171|199
2|208|158
4|47|164
4|142|50
3|109|106
4|159|4
5|138|176
1|225|200
4|44|55
2|47|7
3|174|102
4|42|98
3|128|122
3|129|186
2|36|58
4|202|75
1|141|158
1|142|152
4|47|51
4|129|196
3|174|54
4|71|148
1|204|156
1|44|65
1|14|19
1|220|161
2|70|82
5|160|161
5|187|46
5|55|130
4|3|187
5|74|45
5|179|151
4|49|107
4|78|50
5|53|29
3|122|138
1|175|11
3|192|182
2|91|154
1|93|128
2|97|164
